-0.0448562685299   0.408859643862  0.0267319697496 1744440055.83
-0.0549433245091   0.433704459513  0.0206294707605 1744440055.85
-0.0633169838555   0.454601047744  0.0163138792481 1744440055.89
-0.0681947337051   0.467009304032  0.0149437259969 1744440055.93
-0.0684060755696   0.468248573215  0.0167350094056 1744440055.95
-0.0635608290623   0.457773515568   0.020858842197 1744440055.99
-0.0540923677656    0.43704162473  0.0256735943173 1744440056.01
-0.0411717736727   0.409040456442  0.0292205389179 1744440056.05
-0.0265038880621   0.377596648701   0.029817675251 1744440056.09
-0.0120348229045   0.346614931371   0.026557021098 1744440056.11
0.000380940259215    0.319389078758   0.0195552264168 1744440056.15
0.00929406610084   0.298093088054 0.00990097451144 1744440056.19
   0.0138954598873     0.283512400828 -0.000656754211462 1744440056.2
 0.0141283500577   0.275026200216 -0.0101650433893 1744440056.25
 0.0106578984859   0.270812764427 -0.0169308910574 1744440056.29
0.00470892140572    0.26822358064 -0.0198767418121 1744440056.3
-0.00218988698746    0.264256569322  -0.0187196606791 1744440056.35
-0.00849835026327     0.25605177707  -0.0139600268227 1744440056.38
 -0.0129327625843    0.241333766585 -0.00671047402922 1744440056.4
-0.0146592503797   0.218735026111 0.00157603436615 1744440056.45
-0.0133843877884   0.187955002003 0.00940999154413 1744440056.48
-0.00934071351555    0.149738111686   0.0155374514722 1744440056.5
-0.00318686026698    0.105686173634   0.0191334814059 1744440056.55
0.00414479784116  0.0579487241481  0.0198923090899 1744440056.58
  0.011617273005 0.00885173675781  0.0180122575511 1744440056.6
 0.0182450487544 -0.0394722689718  0.0140924723216 1744440056.65
 0.0232181747926 -0.0854004218808 0.00897102743656 1744440056.68
 0.0259869417491  -0.128047719278 0.00353961601924 1744440056.7
 0.0263081879016  -0.167390923578 -0.0014305864575 1744440056.75
  0.0242577541205   -0.204283964502 -0.00542280083402 1744440056.78
  0.0202123650791   -0.240365739527 -0.00824811334453 1744440056.8
 0.0148007509049   -0.27786243493 -0.0100493699837 1744440056.85
0.00882179147072  -0.319289888811 -0.0112380409562 1744440056.89
0.00313008941385  -0.367072412406 -0.0123777268632 1744440056.9
-0.00150225858098    -0.42311411096  -0.0140372555556 1744440056.95
-0.00452692340134   -0.488382495824  -0.0166425155633 1744440056.99
-0.00573224826737   -0.562582675192  -0.0203580816711 1744440057.01
-0.00529331423678   -0.644003139631  -0.0250262622151 1744440057.05
-0.00373365555271   -0.729594090731   -0.030181927697 1744440057.09
-0.00179442916667   -0.815296450979   -0.035146899261 1744440057.13
-0.000235273532794    -0.896582460349   -0.0391897214094 1744440057.15
0.000383005889306   -0.969112029783  -0.0417186981932 1744440057.2
-0.000128980836806     -1.02937028889    -0.042462598869 1744440057.23
-0.00151690841673    -1.07514574877  -0.0415891499793 1744440057.25
-0.00313901700664    -1.10574155539  -0.0397199255691 1744440057.3
-0.00414024579715     -1.1218784578   -0.037822244809 1744440057.33
-0.00369599284903    -1.12532900767  -0.0369904482368 1744440057.35
-0.00125478341382    -1.11839259393  -0.0381620079623 1744440057.4
0.00328989261537   -1.10335663854 -0.0418373834895 1744440057.43
0.00954399695467   -1.08207877931 -0.0478773932243 1744440057.45
 0.0166806719684   -1.05577370036 -0.0554356777661 1744440057.51
 0.0236010915417   -1.02501738881 -0.0630520232938 1744440057.53
 0.0291365330942  -0.989917807718 -0.0688951256445 1744440057.55
 0.0322402918969  -0.950365005709 -0.0711105311521 1744440057.61
 0.0321365818445  -0.906272470193 -0.0682067284975 1744440057.63
 0.0284178526687  -0.857748163968 -0.0594018180161 1744440057.65
 0.0210989297603  -0.805173212975 -0.0448558651784 1744440057.71
 0.0106390463585   -0.74920283864 -0.0257311324462 1744440057.73
-0.00206678861238   -0.690726526725 -0.00405382830283 1744440057.75
-0.0157384025318   -0.63082824277  0.0176070557977 1744440057.81
-0.0288193565967  -0.570775164792  0.0365846525041 1744440057.83
-0.0396512729874  -0.512041772101  0.0505904117135 1744440057.85
-0.0466994834349   -0.45635325927  0.0581171505852 1744440057.91
-0.0487922861637  -0.405714819807  0.0586794942854 1744440057.93
-0.0453222586572   -0.36238578879  0.0528416015538 1744440057.95
-0.0363617318246   -0.32876236761   0.042035230636 1744440058.01
-0.0226649808943  -0.307150026527  0.0282226440763 1744440058.03
-0.00555872106109   -0.299434056924   0.0134934026191 1744440058.05
   0.013250887951   -0.306687962087 -0.00030768952467 1744440058.11
 0.0319109315066  -0.328786019961 -0.0118429551634 1744440058.13
 0.0486489870711   -0.36410065889 -0.0203938218768 1744440058.15
0.0619604396416  -0.40936284489 -0.025825708307 1744440058.21
  0.070738174626  -0.459744310638 -0.0284459866034 1744440058.23
 0.0743431872135  -0.509187310454 -0.0288152660745 1744440058.25
 0.0726251145363  -0.550965722937 -0.0275719596634 1744440058.31
0.0659042496219 -0.578416944499 -0.025312254943 1744440058.33
 0.054922565846 -0.585744396272 -0.022539892728 1744440058.35
  0.040764778105  -0.568763804684 -0.0196724550011 1744440058.41
 0.0247465968103  -0.525460785994 -0.0170722477166 1744440058.43
 0.0082698490447  -0.456248420525 -0.0150658824074 1744440058.45
-0.00734646416032   -0.363862077554  -0.0139277005823 1744440058.51
-0.0210371501068  -0.252898030942  -0.013823417775 1744440058.53
-0.0321311700997  -0.129078118858 -0.0147334256859 1744440058.55
-0.0404262206708 0.00161417530586 -0.0163910969969 1744440058.61
-0.0461715710979   0.133748617576 -0.0182736996983 1744440058.63
-0.0499533128274    0.26304645029 -0.0196704221654 1744440058.65
-0.0525024648093   0.386646261588 -0.0198273175726 1744440058.71
-0.0544709073741   0.503003580226  -0.018140888038 1744440058.73
-0.0562343260656    0.61148131829 -0.0143503794618 1744440058.75
 -0.0577791158172    0.711765453544 -0.00867157165325 1744440058.81
 -0.0587103565391    0.803284239461 -0.00182503304678 1744440058.83
-0.0583852053187   0.884808208098 0.00506328696961 1744440058.85
-0.0561397750999   0.954361548529  0.0106790562769 1744440058.91
-0.0515490136273    1.00949361085   0.013813829092 1744440058.93
-0.0446474344712    1.04786185298  0.0136757699512 1744440058.95
-0.0360475306177    1.06798842224  0.0101493485969 1744440059.01
-0.0269192232333    1.06999397374 0.00394362630362 1744440059.03
 -0.0188291082411     1.05609929526 -0.00341323198041 1744440059.05
 -0.0134717488953     1.03072224784 -0.00975037483728 1744440059.11
-0.0123477946761    1.00007765445 -0.0125896638212 1744440059.13
 -0.0164510439401    0.971295165048 -0.00959805524022 1744440059.15
 -0.0260203154365    0.951183560068 0.000912620397177 1744440059.21
-0.0403980241565   0.944866804683  0.0195286500339 1744440059.23
-0.0580219651661   0.954576403497  0.0454185133306 1744440059.25
-0.0765627761071   0.978889217722   0.076246802443 1744440059.31
-0.093204904781   1.01264020396  0.108376135217 1744440059.33
-0.105049513331   1.04761782889    0.1373640264 1744440059.35
-0.109591987763   1.07398453169  0.158696047515 1744440059.41
-0.105198917615   1.08218964471  0.168629252077 1744440059.43
-0.091489500744   1.06500099558  0.164969269538 1744440059.45
-0.0695258298141    1.01921500682   0.147591079585 1744440059.5
-0.0417429536779   0.946639224071   0.118552249344 1744440059.53
-0.0116019652037   0.854076696788  0.0817390068989 1744440059.55
 0.016983576615  0.752251828334 0.0421102119663 1744440059.59
 0.0403351260903   0.653853876343 0.00472385311328 1744440059.63
 0.0556611906572   0.571080345344 -0.0261994044453 1744440059.65
0.0615286226422  0.513188418796 -0.047932734444 1744440059.69
 0.0580535254471   0.484578272144 -0.0594721546258 1744440059.73
 0.0467852124689    0.48383258066 -0.0613367718856 1744440059.75
 0.0303329723686   0.503941096364 -0.0550801957224 1744440059.79
 0.0118404655075   0.533687075708 -0.0427327346653 1744440059.83
-0.00556887750035     0.55991605404  -0.0263804967473 1744440059.85
 -0.0192704891204    0.570203506165 -0.00798923657274 1744440059.89
-0.027477818646  0.555335546201 0.0105552852057 1744440059.93
-0.0294218425076   0.511045941089  0.0273271032724 1744440059.95
-0.0253785743576   0.438614249331  0.0403254216779 1744440059.99
-0.0165599203061   0.344191942217  0.0476288401271 1744440060.01
-0.00488048761447    0.237026039821   0.0477245977287 1744440060.05
0.00738425641017   0.127018860298  0.0398895555311 1744440060.09
0.0180146152194 0.0222286153244 0.0244530483615 1744440060.1
 0.0252737049336  -0.073066212291 0.00280854598296 1744440060.15
 0.0282539482376  -0.159252829993 -0.0228590404579 1744440060.19
 0.0270485297251  -0.240993929217 -0.0500479132882 1744440060.21
 0.0226840094304   -0.32565233792 -0.0764529616414 1744440060.25
0.0168115431388 -0.420919091949 -0.100343877975 1744440060.29
0.0112277175557 -0.532238320626 -0.120693817005 1744440060.33
0.00735578765404  -0.660683932977  -0.137050376528 1744440060.35
0.00584039099979  -0.801844224115  -0.149246336153 1744440060.39
0.00638175864827  -0.946031875609  -0.157107976047 1744440060.43
0.0078643723126  -1.07981410527 -0.160308017589 1744440060.45
0.00874187002577   -1.18853051819  -0.158433202392 1744440060.5
0.00755668195081   -1.25921898579  -0.151228065965 1744440060.53
0.00342981035611   -1.28326874567  -0.138886884709 1744440060.55
-0.00363031920685    -1.25819227575   -0.122237800828 1744440060.6
-0.0126865173147   -1.18813249181  -0.102710493152 1744440060.63
-0.0220956967584   -1.08303609404 -0.0820783370889 1744440060.65
-0.0299115247461  -0.956740976936 -0.0620690769807 1744440060.71
-0.0343379944357   -0.82446195707 -0.0439953426521 1744440060.73
-0.0341080300282  -0.700258236009 -0.0285430330337 1744440060.75
-0.0287028501054  -0.595013749113 -0.0157825526549 1744440060.81
 -0.0183860881856   -0.515286651025 -0.00537371992604 1744440060.83
-0.00407811478751   -0.463145126418  0.00313578787131 1744440060.85
 0.012873738996 -0.436870363524 0.0100390269398 1744440060.91
0.0309655996998 -0.432229533914  0.015316388082 1744440060.93
0.0487917656798 -0.443935151025 0.0186340264221 1744440060.95
0.0652406641788 -0.466920526839 0.0194718024947 1744440061.01
0.0796041339097 -0.497160361872 0.0173231794718 1744440061.03
0.0915889065062 -0.531919516293  0.011900618346 1744440061.05
  0.101237780499  -0.569479678134 0.00329160717188 1744440061.11
  0.108786011012  -0.608529792219 -0.0079676547035 1744440061.13
 0.114491318839 -0.647478843906 -0.020910690842 1744440061.15
  0.118479803998   -0.68394531282 -0.0342418968387 1744440061.21
  0.120644156254  -0.714604503281 -0.0464978198289 1744440061.23
  0.120617331406  -0.735458232911 -0.0562388513144 1744440061.25
  0.117828399546  -0.742464440351 -0.0622401333343 1744440061.31
  0.111631558556  -0.732359817573 -0.0636543882783 1744440061.33
  0.101487188656  -0.703451475532 -0.0601280520153 1744440061.35
 0.087166569816 -0.656156296368 -0.051863509757 1744440061.41
 0.0689490848182  -0.593126514865 -0.0396307490667 1744440061.43
 0.0477807461876  -0.518900604615 -0.0247372788093 1744440061.45
  0.0253640067849   -0.439133436277 -0.00896345183054 1744440061.51
0.00415064775916  -0.359560198988 0.00553732054382 1744440061.53
-0.0127862154492  -0.284911400316  0.0163826693763 1744440061.55
-0.0220149377763  -0.218009162028  0.0211620819018 1744440061.61
-0.0201379020181  -0.159238523223  0.0176993659196 1744440061.63
-0.00428065684677   -0.106512352935  0.00436273565137 1744440061.65
 0.0273877914605 -0.0557512858808 -0.0196171966004 1744440061.71
  0.0751955221706 -0.00179888373241  -0.0538842559175 1744440061.73
  0.137670600406  0.0603958276675 -0.0968207735555 1744440061.75
   0.2114924825  0.134555869543 -0.145600015732 1744440061.81
 0.291737379577  0.222060019638 -0.196454891302 1744440061.83
 0.372405095771  0.321349639144 -0.245142638772 1744440061.85
 0.447153926838  0.427899710349 -0.287535125712 1744440061.91
  0.51012221971  0.534784916037 -0.320227747839 1744440061.92
 0.55669286801 0.633749276086 -0.34104872112 1744440061.95
0.584066046748 0.716581494679 -0.34936899309 1744440062.01
 0.591543084561  0.776533483496 -0.346155637811 1744440062.02
 0.580480684406   0.80951159691 -0.333765689738 1744440062.05
 0.553936402024  0.814818650466 -0.315528037769 1744440062.1
 0.516080507238  0.795315530954 -0.295196606614 1744440062.12
  0.47148635717    0.7569822276 -0.276373231496 1744440062.15
 0.424425659882  0.707966923127 -0.261994235187 1744440062.2
  0.37828528532  0.657299697705 -0.253955564787 1744440062.22
 0.335191690558   0.61350091348 -0.252923407343 1744440062.25
 0.295884746931  0.583325405248 -0.258345634386 1744440062.3
 0.259834847958  0.570850497904 -0.268648107256 1744440062.32
 0.225556144692  0.577044689168 -0.281572090339 1744440062.35
 0.191042561511   0.59985877409 -0.294588265719 1744440062.4
  0.15424502606  0.634782291654 -0.305312822297 1744440062.41
 0.113515879949  0.675726648764 -0.311854611352 1744440062.45
0.0679636212935  0.716048987454 -0.313039700079 1744440062.5
0.0176808315059  0.749525974717 -0.308487481539 1744440062.51
-0.0361748301141   0.771121850018  -0.298544237108 1744440062.55
-0.0914537369791   0.777458467392   -0.28410782362 1744440062.59
-0.145237652651  0.766968994935 -0.266394462628 1744440062.61
-0.194196679501  0.739782560153 -0.246702363979 1744440062.65
-0.235046310346  0.697429400019 -0.226218036182 1744440062.69
-0.265051499892  0.642467539533 -0.205893586826 1744440062.71
-0.282507275631   0.57811470681 -0.186402398452 1744440062.75
 -0.28711689911  0.507933658687 -0.168161333589 1744440062.79
-0.280194409393  0.435580596629 -0.151393969635 1744440062.8
-0.264640261435  0.364599300191 -0.136203742814 1744440062.85
-0.244673794109  0.298236283989 -0.122629196357 1744440062.89
-0.225347535701  0.239263875098 -0.110664811127 1744440062.9
-0.211906886058  0.189819277035 -0.100246958883 1744440062.95
 -0.209085942088   0.151284883318 -0.0912202756168 1744440062.99
 -0.220440637619   0.124237085587 -0.0833096478337 1744440063
 -0.247813311746   0.108474583646 -0.0761231219599 1744440063.05
 -0.291002505713   0.103110233977 -0.0692008378138 1744440063.09
 -0.347684858229   0.106687620904 -0.0621077661513 1744440063.1
 -0.413607846021   0.117279494102 -0.0545494733987 1744440063.15
 -0.483044467931   0.132546163358 -0.0464768329569 1744440063.19
 -0.549472150229   0.149770765351 -0.0381424776235 1744440063.2
 -0.606406402144   0.165926383497 -0.0300806280104 1744440063.25
 -0.648286970471   0.177845308482 -0.0230008751729 1744440063.29
  -0.67128771372   0.182539031397 -0.0176106542915 1744440063.31
 -0.673912147755   0.177660998973 -0.0144040052097 1744440063.35
 -0.657254707145   0.162032361637 -0.0134692767329 1744440063.39
  -0.62485680884   0.136093241822 -0.0143707365206 1744440063.42
-0.582160074717  0.102124456948 -0.016146444396 1744440063.45
 -0.535639856217  0.0641185183913 -0.0174387809298 1744440063.49
 -0.491768978731  0.0272568754655 -0.0167401993143 1744440063.53
  -0.455996258886 -0.00294883875941  -0.0127037889465 1744440063.55
 -0.431919194817 -0.0216980132007 -0.0044459721172 1744440063.59
 -0.420789910991 -0.0259061562672 0.00823494771976 1744440063.63
 -0.421430710627 -0.0149396471394  0.0247827538452 1744440063.65
-0.430564700172 0.0091125491292 0.0439727911285 1744440063.69
-0.443499034193 0.0417292504019 0.0641472634579 1744440063.73
-0.455040975792 0.0767816684537 0.0835394995898 1744440063.75
-0.460486612088  0.107734278955   0.10060939349 1744440063.79
-0.456505738194  0.128964883744  0.114312486239 1744440063.83
-0.441760380333  0.136907431863  0.124244874583 1744440063.85
-0.41714027318 0.130754921214  0.13063854433 1744440063.89
-0.385570016745   0.11255972466  0.134217948416 1744440063.93
-0.351425521511  0.086709756998   0.13596022282 1744440063.95
 -0.31967371214 0.0589051205131  0.136821873649 1744440063.99
-0.294902779919 0.0348746646678  0.137500240874 1744440064.03
-0.280429812334 0.0191272344901  0.138287632781 1744440064.05
-0.277655452277 0.0140154869602  0.139051864256 1744440064.09
-0.285786071169 0.0193067413791  0.139344103878 1744440064.13
-0.301973468118 0.0323283347185  0.138600823525 1744440064.15
-0.321844455899  0.048618392944  0.136379568715 1744440064.19
-0.340322497433 0.0629021651996  0.132555589762 1744440064.23
-0.352592945399 0.0701554741496  0.127412585086 1744440064.25
-0.355039632261 0.0665205482811  0.121586141223 1744440064.28
-0.345985000471 0.0498979244545  0.115858366433 1744440064.33
-0.326095394258 0.0201304123432  0.110847919545 1744440064.35
-0.298361833628 -0.021204768936  0.106679704574 1744440064.38
  -0.26762825943 -0.0712951866036   0.102741341344 1744440064.43
-0.239707573293 -0.126730752956  0.097630224777 1744440064.45
-0.220194050399 -0.184113336263 0.0893618858787 1744440064.49
-0.213141174312 -0.240496743277 0.0758506799057 1744440064.53
-0.219818078867 -0.293570092758 0.0555979526131 1744440064.55
-0.237776978854 -0.341569974712 0.0284472197181 1744440064.62
  -0.260450739089   -0.382982476459 -0.00378950888137 1744440064.63
 -0.277448972617  -0.416160894454 -0.0370457237046 1744440064.65
 -0.275631575266  -0.439025476515 -0.0652277581959 1744440064.72
 -0.240915029992  -0.449015564955 -0.0810327274669 1744440064.73
 -0.160621765446   -0.44342153249 -0.0772933708043 1744440064.75
-0.0260385469245  -0.420129171268 -0.0486291768711 1744440064.82
  0.165262050748  -0.378671620728 0.00694745220143 1744440064.83
 0.407825389065 -0.321334458197 0.0868803132568 1744440064.85
 0.687871495926 -0.253951679015  0.183738306216 1744440064.92
 0.984254683243 -0.186023915718  0.285911632627 1744440064.93
  1.27080060786 -0.129920708316  0.379304053095 1744440064.95
   1.51968265672 -0.0991768930068   0.449731569651 1744440065.01
  1.70523785033 -0.106180763247  0.485536959781 1744440065.03
  1.80749801515 -0.159770964778  0.479850913139 1744440065.04
  1.81477278585 -0.263324107693   0.43200083824 1744440065.11
  1.72485319217 -0.413801421374   0.34776556853 1744440065.13
   1.5447351581 -0.601974095839  0.238437552046 1744440065.14
  1.28908797765 -0.813749473953  0.118909729198 1744440065.21
  0.977920781726   -1.03226500151 0.00519086277134 1744440065.22
 0.633979711308   -1.2402692867 -0.088163186587 1744440065.24
 0.280343081893  -1.42229575777 -0.150238219291 1744440065.31
-0.0614823631797   -1.56624162537  -0.175218278591 1744440065.32
-0.372857170535  -1.66415181167 -0.162924363344 1744440065.34
-0.638755277682  -1.71221807846 -0.118431002088 1744440065.4
  -0.84811279812   -1.71018201961 -0.0509153522873 1744440065.42
-0.993944004881  -1.66043526909 0.0279972768311 1744440065.44
-1.07333806439  -1.5671230006 0.106080402818 1744440065.5
-1.08737257107 -1.43548521002 0.172247189901 1744440065.52
-1.04091433766 -1.27154336409 0.217945082297 1744440065.54
-0.942248772718  -1.08209843078  0.238050150109 1744440065.6
-0.802489872374 -0.874890880868  0.231200696413 1744440065.62
 -0.63475988645 -0.658714756982  0.199594684252 1744440065.64
-0.453172570294 -0.443290323432  0.148341406353 1744440065.7
-0.271693466665  -0.23877765585  0.084500717091 1744440065.72
 -0.102980110068 -0.0549336922063  0.0159645035235 1744440065.74
  0.042675935011  0.0999570774387 -0.0496614860799 1744440065.8
 0.158176416143  0.220150759477 -0.106028973723 1744440065.82
 0.240095176064  0.303247371013 -0.148751114319 1744440065.84
 0.288725544125  0.350505539244 -0.175759046815 1744440065.9
0.307674015725 0.366553680928 -0.18728429172 1744440065.92
 0.303054540552  0.358531644379 -0.185500030532 1744440065.94
 0.282411535883  0.334842156349 -0.173909525146 1744440066
 0.253549127102  0.303788788602 -0.156608106936 1744440066.02
0.223454500799 0.272396624694 -0.13755715719 1744440066.04
0.197473265679 0.245648765064 -0.11999225354 1744440066.1
 0.178835680452  0.226248254737 -0.106048838033 1744440066.12
  0.168562351919   0.214871091314 -0.0966383123323 1744440066.14
  0.165713323904   0.210755707167 -0.0915575834581 1744440066.2
  0.167896350789     0.2124111766 -0.0897756507373 1744440066.22
 0.171922984539  0.218233366175 -0.089817553229 1744440066.24
  0.174494540549   0.226885435097 -0.0901604160111 1744440066.3
  0.172811126428   0.237399105651 -0.0895667843059 1744440066.31
  0.165021609199   0.249051681041 -0.0873030901925 1744440066.34
0.150465840443  0.26114121334 -0.08322063311 1744440066.4
  0.129697247186    0.27280174412 -0.0777066483799 1744440066.41
  0.104308359747   0.282971392184 -0.0715377215258 1744440066.44
 0.0766088541333   0.290561566114 -0.0656822322394 1744440066.5
  0.049221682767   0.294797671524 -0.0611006203931 1744440066.51
 0.0246666277407   0.295633971297 -0.0585832097171 1744440066.54
0.00499329367299   0.294106648404 -0.0586489384976 1744440066.59
-0.00848990012139    0.292489609603  -0.0615097849192 1744440066.61
-0.0153639597697   0.294156838869  -0.067089804419 1744440066.64
-0.0161183284913   0.303123599871 -0.0750779055891 1744440066.69
-0.0120518694603   0.323320381809 -0.0849912051504 1744440066.71
-0.00508001100184    0.357729031561  -0.0962305398457 1744440066.74
0.00252008205089   0.407561587213  -0.108119372011 1744440066.79
0.00839156509049   0.471674833074  -0.119928589142 1744440066.81
0.0103732784772    0.5463809822 -0.130898686573 1744440066.84
0.00673811389332   0.625740487194  -0.140274127887 1744440066.89
-0.00362993710344    0.702320750172    -0.14736060696 1744440066.91
-0.021136159381  0.768297326518 -0.151605451559 1744440066.94
-0.045459004012   0.81668908901 -0.152688173772 1744440066.99
-0.0756128366421   0.842479566654  -0.150597427011 1744440067
-0.110075212275  0.843396318096 -0.145667244128 1744440067.04
-0.146957934022  0.820195877498 -0.138551957114 1744440067.09
-0.184199829614  0.776414466545 -0.130134657387 1744440067.1
-0.219763086438  0.717664020657 -0.121383880451 1744440067.14
-0.251821605284     0.650646561 -0.113190532225 1744440067.19
-0.278934672816  0.582103039424 -0.106225291753 1744440067.2
 -0.30019849046  0.517897337108 -0.100852273452 1744440067.24
 -0.315361465536   0.462373062695 -0.0971188003482 1744440067.29
 -0.324880776072   0.418035603275 -0.0948191537788 1744440067.3
 -0.329894060303   0.385534042543 -0.0936094277825 1744440067.34
 -0.332086579141   0.363869183562 -0.0931374812205 1744440067.38
 -0.333452366051   0.350742350735 -0.0931499042688 1744440067.4
  -0.33597433288   0.342977057825 -0.0935468260626 1744440067.44
  -0.34127563958   0.336974722976 -0.0943721031788 1744440067.48
 -0.350313648048   0.329188247732 -0.0957457909849 1744440067.5
-0.363190427038  0.316602013674 -0.097762267667 1744440067.54
-0.379136107604  0.297192614696 -0.100386605429 1744440067.58
-0.396685378683  0.270319832027 -0.103381727013 1744440067.6
-0.414020954245  0.236975568335 -0.106290153444 1744440067.64
-0.429412823502  0.199812957725 -0.108479533856 1744440067.68
-0.441651167397  0.162896861035 -0.109244676815 1744440067.7
-0.450363884501  0.131160826516 -0.107944624851 1744440067.74
-0.456130922469  0.109616538079 -0.104144673077 1744440067.78
 -0.460353893978   0.102425660577 -0.0977317165304 1744440067.8
 -0.464900297069   0.111994007543 -0.0889766172654 1744440067.84
-0.471601371621  0.138269055227 -0.078527624452 1744440067.88
 -0.481724447951   0.178404876185 -0.0673318552959 1744440067.93
 -0.495552074194   0.226903117654 -0.0564952237544 1744440067.94
 -0.512177406849   0.276253585602 -0.0471031322134 1744440067.98
 -0.529574479099   0.317999848816 -0.0400329356221 1744440068.03
  -0.54493681347   0.344064653219 -0.0357928190633 1744440068.04
 -0.555215004026   0.348106922073 -0.0344189297272 1744440068.08
 -0.557737785358   0.326661746917 -0.0354532467967 1744440068.13
 -0.550780876844   0.279843464546 -0.0380102218986 1744440068.14
  -0.53395662015   0.211465639527 -0.0409234053429 1744440068.18
 -0.508332822128   0.128536592865 -0.0429474273324 1744440068.23
 -0.476244714919    0.04020425182 -0.0429791539456 1744440068.24
  -0.44082972032 -0.0436733241853 -0.0402573069275 1744440068.28
-0.405378488331 -0.114085470271 -0.034503768581 1744440068.33
  -0.37264389972  -0.164284608995 -0.0259816907041 1744440068.34
 -0.344269731076  -0.190817591082 -0.0154626580482 1744440068.38
 -0.320484229269   -0.19400285491 -0.0041130380666 1744440068.43
 -0.300150711566  -0.177785979102 0.00667659197501 1744440068.44
-0.281187135251 -0.149016031549 0.0154888256904 1744440068.48
-0.261277142334 -0.116279470299 0.0210753304131 1744440068.53
 -0.238717164023 -0.0884905453843  0.0225303394695 1744440068.54
 -0.213195603929 -0.0734611348634  0.0194293859547 1744440068.58
-0.186292059677 -0.076662939502 0.0119266901305 1744440068.63
   -0.16152077091   -0.100360645375 0.000805465437635 1744440068.64
 -0.143820281974  -0.143245037458 -0.0125279308505 1744440068.68
  -0.13850192852  -0.200634667456 -0.0261194086782 1744440068.73
 -0.149797859182  -0.265244264459 -0.0376264533793 1744440068.74
-0.179272511367 -0.328438433795 -0.044569368461 1744440068.78
 -0.224451795578  -0.381805549533 -0.0446673620935 1744440068.83
 -0.278052566359   -0.41881083077 -0.0362300381171 1744440068.84
 -0.328138321345  -0.436236373063 -0.0185501262278 1744440068.88
 -0.359377467162  -0.435107681684 0.00777674942712 1744440068.93
-0.355352363746 -0.420855359547 0.0406872907569 1744440068.94
-0.301600849333 -0.402571941924 0.0767125049445 1744440069.01
-0.188829293807 -0.391388263973   0.11130754441 1744440069.03
-0.0155898716149    -0.3981856381   0.139441967855 1744440069.04
 0.210272132319 -0.431039684347  0.156384335712 1744440069.11
 0.471892194613 -0.492912665521  0.158558498389 1744440069.13
 0.745503133032 -0.580133452276   0.14430906436 1744440069.14
  1.00406377271 -0.682106681972  0.114404225199 1744440069.21
  1.22166376374 -0.782481718472 0.0721346323273 1744440069.23
  1.37774271876 -0.861722393301 0.0229378786716 1744440069.24
   1.46019769421  -0.900706476266 -0.0264219721985 1744440069.31
   1.46674459978  -0.884715769674 -0.0689843373053 1744440069.33
   1.40435210136  -0.807017457752 -0.0988129992643 1744440069.34
  1.28703761301 -0.671233903569  -0.11205497547 1744440069.41
  1.13266774928 -0.491873765867 -0.107611428462 1744440069.43
  0.959556254296  -0.292736615362 -0.0872779811988 1744440069.44
  0.783587984824  -0.103346964783 -0.0553302744712 1744440069.51
  0.616367595934  0.0459754058387 -0.0176540480793 1744440069.53
  0.46458240986  0.129457941218 0.0193829656373 1744440069.54
 0.330471500373   0.13054134105 0.0500702742388 1744440069.61
 0.213075796228 0.0448970983776 0.0702665722872 1744440069.63
 0.109839093633 -0.118821614808 0.0779092804729 1744440069.64
 0.018134854693 -0.340610184744 0.0730486500076 1744440069.71
-0.0636158130902  -0.592715612191  0.0574502634763 1744440069.72
-0.135426118906 -0.844397940111  0.033913554157 1744440069.74
 -0.195852941353   -1.06684569168 0.00551803643898 1744440069.81
  -0.24260822171   -1.23730153757 -0.0249859409981 1744440069.82
 -0.273434075075    -1.3417269803 -0.0554836445054 1744440069.84
 -0.286953781396   -1.37572479419 -0.0844490171694 1744440069.9
-0.283236820135  -1.34382899688 -0.110619044922 1744440069.92
-0.263912261836  -1.25756531709 -0.132568243209 1744440069.94
-0.231806719794  -1.13282756696 -0.148411811759 1744440070
-0.190231579328 -0.987108473364 -0.155842877041 1744440070.02
-0.142155246733 -0.837010826037 -0.152612732129 1744440070.04
-0.0895336062405   -0.69630734411  -0.137410034382 1744440070.1
-0.0330204911862  -0.574669586022  -0.110919550881 1744440070.12
 0.0278467841826        -0.477079 -0.0766938707593 1744440070.14
 0.0940531658873  -0.403871978179 -0.0414134233221 1744440070.2
  0.166309360755  -0.351340927775 -0.0141938431198 1744440070.22
   0.244327703093   -0.312792782538 -0.00484108297114 1744440070.24
   0.32641582537  -0.279938131729 -0.0213082242514 1744440070.3
 0.409518735637 -0.244445131207 -0.066965727996 1744440070.32
 0.489683696897  -0.19945442989 -0.138520343175 1744440070.34
  0.56278322597 -0.140834394293 -0.225392628757 1744440070.4
  0.625258415914 -0.0679765335686  -0.311051369678 1744440070.42
 0.674658609352 0.0160067381262 -0.376269392645 1744440070.44
0.709841916727 0.104726516175 -0.40366196952 1744440070.5
 0.730826512771  0.189543755534 -0.382389117743 1744440070.52
 0.738398394482  0.261021711571 -0.311715495247 1744440070.54
 0.733649284618  0.310577422348 -0.202312071639 1744440070.6
  0.717621198598   0.332066953814 -0.0747225719786 1744440070.62
0.691177982777 0.323038005127 0.044835501998 1744440070.64
0.655132921007 0.285421472863 0.130420698501 1744440070.7
0.610566924423 0.225510406256 0.162627463671 1744440070.72
0.559202641284 0.153185116305 0.133564673079 1744440070.74
 0.503674558918 0.0804736456365  0.049237087395 1744440070.8
  0.44755873669  0.019665292994 -0.071355182709 1744440070.81
  0.395090133735 -0.0187060242577  -0.200266850152 1744440070.84
  0.350583167923 -0.0276478745452  -0.306886851234 1744440070.9
   0.317660353329 -0.00493105763165   -0.364969369264 1744440070.91
 0.298462726497 0.0464901885483 -0.358748837752 1744440070.94
 0.293045672386  0.118948981128 -0.286689241345 1744440070.99
 0.299142864272   0.20134956277 -0.161984495148 1744440071.01
   0.312408445342    0.281033791392 -0.00969974956008 1744440071.04
0.327136505466 0.345893183338 0.138765666895 1744440071.09
 0.33733394102 0.386347322909 0.252594530423 1744440071.11
0.337921743361 0.396839071358 0.308247984699 1744440071.14
0.325791371161 0.376592045671  0.29442701581 1744440071.19
0.300464286772 0.329518236212 0.214224649999 1744440071.21
 0.264191203866  0.263326108523 0.0840751132578 1744440071.24
  0.221460576782   0.188029943869 -0.0701442593565 1744440071.29
 0.178027760417  0.114168507066 -0.218867679684 1744440071.31
 0.139689241165  0.051082431591 -0.335089285566 1744440071.34
  0.111081458721 0.00556636572198  -0.399708679742 1744440071.39
 0.0947687685579 -0.0188870380863  -0.404869192187 1744440071.4
 0.0908068912541 -0.0221737528612  -0.354710725117 1744440071.44
  0.0968497627503 -0.00706373401912   -0.263578042331 1744440071.49
 0.108741124055 0.0217298339436 -0.152284677592 1744440071.5
  0.121429334797   0.058649633045 -0.0434066200871 1744440071.54
 0.129987510326 0.0983161939019 0.0433019736875 1744440071.59
 0.130519265757  0.136287235049 0.0944191293774 1744440071.6
0.120776272598 0.169464036894 0.104678307627 1744440071.64
 0.100390274579  0.196154929132 0.0769276506801 1744440071.69
0.0707084090579  0.215883164557 0.0204702209964 1744440071.7
 0.0342984554749   0.229062203227 -0.0516562221156 1744440071.74
-0.00575225103962    0.236652656987   -0.125752259717 1744440071.79
-0.0465900103142   0.239873928442  -0.190200553507 1744440071.8
-0.0862433177525   0.239991999011  -0.237367038421 1744440071.84
-0.124034306618  0.238166117628 -0.264399569195 1744440071.89
-0.160668575402   0.23532638291 -0.272933391885 1744440071.9
-0.197984953663  0.232072103667 -0.267937754025 1744440071.94
-0.238420718204  0.228613312742 -0.256077665809 1744440071.99
-0.284314513758  0.224802161649 -0.244003601874 1744440072
-0.337211234832  0.220296435545 -0.236928358998 1744440072.04
-0.397336036643  0.214856488196 -0.237731292574 1744440072.09
-0.463363647546  0.208711061136 -0.246682189134 1744440072.1
-0.532533007478  0.202864808807 -0.261736568737 1744440072.14
-0.601067369438  0.199194269536 -0.279249684057 1744440072.19
 -0.66478383178  0.200212651353 -0.294903082062 1744440072.2
-0.719737170494  0.208477357729  -0.30463589346 1744440072.24
-0.762751047509  0.225741515185 -0.305411652075 1744440072.29
-0.791738994682  0.252067825405 -0.295712719906 1744440072.31
-0.805789116306  0.285184918968 -0.275720432305 1744440072.34
  -0.8050565487  0.320344945026 -0.247196317156 1744440072.39
-0.790555644228  0.350835396213  -0.21312081402 1744440072.41
 -0.76395658871  0.369133430315 -0.177169397978 1744440072.44
-0.727465273888  0.368509349111 -0.143114824222 1744440072.49
-0.683807470262  0.344734231985 -0.114243284568 1744440072.52
 -0.636265912948   0.297466260523 -0.0928659209718 1744440072.54
 -0.588658317898   0.230909465155 -0.0799968807937 1744440072.59
-0.545125506388   0.15346704381 -0.075252814262 1744440072.62
 -0.509643139813   0.076333825861 -0.0770020085754 1744440072.64
 -0.485276705515  0.0112453765232 -0.0827509311562 1744440072.68
 -0.473335503447 -0.0321433711749 -0.0897039055588 1744440072.72
 -0.472692086107 -0.0486169397248 -0.0953786045996 1744440072.74
 -0.479561987286 -0.0388607574374 -0.0981248918656 1744440072.78
  -0.487953417062 -0.00956954930251  -0.0973986636022 1744440072.82
 -0.490810651876  0.0279260204099 -0.0936987225483 1744440072.84
 -0.481644530315  0.0602528868561 -0.0881763068953 1744440072.88
 -0.456249579124  0.0752058014585 -0.0820424226684 1744440072.92
 -0.414024443865  0.0647794951007 -0.0759816044046 1744440072.94
 -0.358479283443  0.0272469269087 -0.0697924663639 1744440072.99
  -0.29671748843  -0.032265453136 -0.0624030454298 1744440073.02
   -0.2379590087   -0.10288093079 -0.0522757727347 1744440073.04
 -0.191443421616  -0.170508751682 -0.0380726346402 1744440073.1
   -0.1642320488  -0.221207633467 -0.0193503964732 1744440073.12
 -0.159468450615  -0.244560836448 0.00296427447876 1744440073.14
-0.175545675678 -0.236238335329 0.0265039152374 1744440073.21
-0.206398628661 -0.199116926858 0.0478518580603 1744440073.22
-0.242854141819 -0.142681813367 0.0633134945606 1744440073.24
 -0.274706695153 -0.0808561962824  0.0698716997513 1744440073.31
-0.293013526322 -0.028790738733 0.0660738135251 1744440073.32
  -0.292061632199 0.000607885691742   0.0526035100264 1744440073.34
    -0.27055550334 -0.000416233983452    0.0323540638626 1744440073.41
 -0.231776062944 -0.0327908123121 0.00992870382324 1744440073.42
  -0.182711520266  -0.0905146395347 -0.00936695857883 1744440073.44
 -0.132396667907  -0.162097153798 -0.0208315900708 1744440073.51
-0.0898652504813  -0.233151681562 -0.0216538692399 1744440073.52
-0.0621867359878  -0.289521063412 -0.0118191149453 1744440073.54
-0.0530143054919  -0.320240089305 0.00566010639949 1744440073.61
-0.0619298963997  -0.319725936872  0.0253286865977 1744440073.62
-0.0846717633174  -0.288797748464  0.0406108985945 1744440073.64
-0.114122612533 -0.234397962418   0.04557455223 1744440073.71
-0.141776312697 -0.168154550536 0.0366910365013 1744440073.72
-0.159327908298 -0.104130480627 0.0141084751336 1744440073.74
-0.160055922908 -0.056222615698 -0.017948065836 1744440073.81
 -0.139767123702 -0.0356900083615 -0.0518251516204 1744440073.82
-0.0972104829785 -0.0492250529242 -0.0780434773693 1744440073.84
-0.0339944150106 -0.0978566057166  -0.087500366003 1744440073.91
 0.0458723096579  -0.176821615734 -0.0737419734573 1744440073.92
  0.136661919863  -0.276386525729 -0.0347317306181 1744440073.94
 0.231689387841  -0.38345964169 0.0263525134988 1744440074.01
 0.324052300687 -0.483722359569    0.1015286817 1744440074.02
 0.407292149527 -0.563929873679  0.179564548624 1744440074.04
 0.475954450019 -0.614001376012  0.248321850348 1744440074.11
 0.526039520139 -0.628547010167  0.297331722054 1744440074.12
 0.555332710252 -0.607569801259  0.319979252032 1744440074.14
 0.563592648406 -0.556227681732  0.314772139063 1744440074.2
 0.552570984628 -0.483717817314  0.285402533018 1744440074.22
 0.525845098434 -0.401513227039  0.239620054984 1744440074.24
 0.488465860429 -0.321299397351  0.187234141401 1744440074.3
 0.446448086945 -0.252998645613  0.137774203996 1744440074.32
 0.406152076974 -0.203227481675  0.098401730856 1744440074.34
 0.373615076837 -0.174425270587 0.0725758373806 1744440074.4
 0.353893279016  -0.16475400352 0.0597533009833 1744440074.42
  0.35047428015 -0.168733480111 0.0561200182513 1744440074.44
 0.364821840955 -0.178467810958 0.0560821979311 1744440074.5
 0.396118176629 -0.185246252171 0.0540641762542 1744440074.52
 0.441266140603    -0.181260375 0.0461103947598 1744440074.54
 0.495194815769 -0.161164343645 0.0308781960223 1744440074.6
  0.551472072495  -0.123215389342 0.00980314951744 1744440074.62
  0.603170661192 -0.0697746671289 -0.0135405559512 1744440074.64
   0.643873694399 -0.00703338996163  -0.0346442706377 1744440074.7
  0.668659123131  0.0560435641087 -0.0494556728978 1744440074.72
  0.674887275835   0.109408911277 -0.0555525688601 1744440074.74
  0.662638697035   0.143959154087 -0.0527821314064 1744440074.8
 0.634708081363  0.153488521544 -0.043216387283 1744440074.81
  0.596140979954   0.136140251331 -0.0304754448336 1744440074.84
 0.553385270253 0.0950063066583 -0.018645733878 1744440074.9
  0.513201784045  0.0377041606863 -0.0111227226999 1744440074.91
   0.481524671079  -0.0250065823262 -0.00971016138032 1744440074.94
  0.462474031302 -0.0812748758817 -0.0142153681505 1744440074.99
  0.457698505193  -0.120421322183 -0.0226253956806 1744440075.01
  0.466166880187  -0.134911525555 -0.0317815610666 1744440075.04
  0.484444411047  -0.121618867633 -0.0383385868845 1744440075.09
  0.507396453071 -0.0821412730142 -0.0397324780734 1744440075.11
   0.52917808947 -0.0221715664772 -0.0348979269948 1744440075.14
  0.544312427479  0.0498607759968 -0.0245588762342 1744440075.19
  0.548645703962   0.124514469007 -0.0110368924423 1744440075.21
  0.539998568447   0.193026669076 0.00235279577711 1744440075.24
  0.51840298585  0.248631332119 0.0121493816149 1744440075.29
 0.485906168934  0.287304630466 0.0156200828228 1744440075.3
 0.446014297186  0.307898516874 0.0114458911331 1744440075.34
   0.402917963737    0.311765091926 6.10483820565e-05 1744440075.39
  0.360673796151   0.302062377263 -0.0164240177885 1744440075.4
  0.32250835692  0.282953856958 -0.034687574898 1744440075.44
  0.290367371371   0.258877620201 -0.0509335244572 1744440075.48
  0.264769173767   0.233988714492 -0.0617279280471 1744440075.5
  0.244952779614   0.211798919768 -0.0647468122218 1744440075.54
    0.2292535072   0.194977083306 -0.0592732429083 1744440075.58
  0.215602894643    0.18524600476 -0.0463424756933 1744440075.6
  0.202038576087   0.183320901176 -0.0285147682235 1744440075.64
   0.187121739044    0.188869362886 -0.00933779164627 1744440075.68
  0.170188930244   0.200514903773 0.00737392138348 1744440075.7
 0.151403850618  0.215935759475 0.0182808233188 1744440075.74
0.131615916667 0.232113006927 0.021123786562 1744440075.78
 0.112069170237  0.245753203425 0.0150750891083 1744440075.8
  0.0940322107857    0.253858108099 0.000780983185872 1744440075.84
 0.0784331770164   0.254354449492 -0.0198865512306 1744440075.88
 0.0655810454193   0.246650774322 -0.0442898481354 1744440075.9
 0.0550355349599   0.231973987254 -0.0695807154204 1744440075.94
   0.04565552913   0.213364574481 -0.0932264820186 1744440075.98
0.0358160862768  0.195274369755   -0.1134035011 1744440075.99
0.0237451724235  0.182800388489 -0.129195528117 1744440076.04
0.00790235309027   0.180681063234  -0.140583505724 1744440076.08
-0.0126895841031   0.192252998766  -0.148258786448 1744440076.09
-0.0382389619877   0.218596652994  -0.153324436452 1744440076.14
-0.0681543019021   0.258076814569  -0.156963840858 1744440076.18
-0.101193651204   0.30640965898 -0.160151696617 1744440076.19
-0.135753658459  0.357276926702 -0.163462908041 1744440076.24
-0.170221289458  0.403384189019 -0.167006037384 1744440076.28
-0.203294333461   0.43775386946 -0.170477330689 1744440076.29
-0.234186026301  0.454981876353 -0.173306054331 1744440076.34
-0.262663551119  0.452187077522 -0.174846925602 1744440076.38
-0.288921683491  0.429448451476 -0.174572538138 1744440076.39
-0.313346974924  0.389642137456  -0.17222625694 1744440076.44
-0.336267400344  0.337732142738 -0.167910054504 1744440076.48
 -0.35779249407  0.279698578942 -0.162097342441 1744440076.49
-0.377822550287  0.221371494379  -0.15557410673 1744440076.54
-0.396246727545  0.167452768027 -0.149320762023 1744440076.58
-0.413274883982  0.120947265507 -0.144352552848 1744440076.59
-0.429780877594 0.0831025757465 -0.141539900404 1744440076.64
-0.447501223908 0.0538072797779 -0.141433563887 1744440076.68
-0.468950070861 0.0322637750914 -0.144123018775 1744440076.69
 -0.49698180303 0.0176739511029 -0.149158037629 1744440076.74
 -0.534040199521 0.00968053928424  -0.155559691089 1744440076.78
-0.581246973087 0.0083958086631 -0.161935057473 1744440076.79
-0.637566274202  0.013997931873 -0.166689804247 1744440076.84
-0.699305533687 0.0260384929199 -0.168308360941 1744440076.88
-0.760163632235 0.0427291999005 -0.165649698039 1744440076.89
-0.811922581289 0.0605178183998 -0.158195514288 1744440076.94
-0.845725211271  0.074202524144 -0.146192165932 1744440076.98
-0.853726800677 0.0776822206713 -0.130648269092 1744440077.02
-0.830792761693 0.0652399329493 -0.113181535341 1744440077.03
 -0.775868858721  0.0330675373594 -0.0957424248792 1744440077.08
  -0.69269062606 -0.0193766307129  -0.080269422366 1744440077.12
 -0.589620408512 -0.0885885718257 -0.0683443566736 1744440077.13
 -0.478579452063  -0.167109161766 -0.0609136754688 1744440077.18
 -0.373238555365  -0.244561853801 -0.0581250691155 1744440077.22
 -0.286796892678  -0.309466385149 -0.0593039794713 1744440077.23
 -0.229773392846  -0.351446130092 -0.0630683924598 1744440077.28
-0.208235306165 -0.363334452518 -0.067558871278 1744440077.32
 -0.222796207784  -0.342703017179 -0.0707469561111 1744440077.33
 -0.268556066969  -0.292473878839 -0.0707781955021 1744440077.38
 -0.335969071077  -0.220494012371 -0.0663034060336 1744440077.42
 -0.412452884396  -0.138184198132 -0.0567510147894 1744440077.43
 -0.484429673995 -0.0585645470492 -0.0424949099492 1744440077.49
 -0.539433268948 0.00593375926435 -0.0248791758182 1744440077.52
  -0.567930768891   0.0454502848295 -0.00607690131858 1744440077.53
-0.564580103612 0.0541255605307  0.011214236104 1744440077.6
-0.528758434848 0.0307681953413 0.0242051797786 1744440077.62
-0.464327284453 -0.021294216847 0.0305120115467 1744440077.63
 -0.378726540952 -0.0950825609911  0.0286275387012 1744440077.71
-0.281591764638 -0.181336291646  0.018271347165 1744440077.72
    -0.1831531513    -0.27010202947 0.000531809213755 1744440077.73
 -0.092692036475  -0.352244935391 -0.0222555706525 1744440077.81
 -0.017301023553  -0.420630401335 -0.0468978440129 1744440077.82
 0.0388765139447  -0.470810571159 -0.0699415880077 1744440077.83
0.0748487421364 -0.501161166266 -0.088352671028 1744440077.91
0.0924453000999 -0.512524169907 -0.100114163754 1744440077.92
0.0955727335383  -0.50749765973  -0.10458174305 1744440077.93
0.0892355352063 -0.489560699852 -0.102491707302 1744440078.01
 0.0785249730893  -0.462226350995 -0.0956118814378 1744440078.02
 0.0677590268433  -0.428387071074 -0.0861307135885 1744440078.03
 0.0599056416219  -0.389964844002 -0.0759598400018 1744440078.1
  0.05635300973 -0.347912038216 -0.066154056637 1744440078.12
 0.0570205641207  -0.302535036716 -0.0566214688884 1744440078.13
 0.0607452787233  -0.254040037618 -0.0462158213573 1744440078.2
 0.0658371647034  -0.203143233322 -0.0331961400526 1744440078.22
 0.0706788587403  -0.151562914185 -0.0159345743559 1744440078.23
 0.0742476741742  -0.102231752027 0.00632178906277 1744440078.3
 0.0764630415088 -0.0591344406442  0.0328564739249 1744440078.32
 0.0783034841462 -0.0267743341771  0.0612489317085 1744440078.33
  0.0816868588909 -0.00937563446815   0.0876112570841 1744440078.4
0.0891542605314  -0.01000424622  0.107291341149 1744440078.42
  0.103430705941 -0.0298171602203   0.115910963277 1744440078.43
  0.126947900388 -0.0676197926777   0.110502323354 1744440078.5
 0.161406705547 -0.119834618671 0.0904534582216 1744440078.52
  0.20743665463 -0.180888118169 0.0579925094209 1744440078.53
 0.264387006189 -0.243935341638  0.018035678279 1744440078.6
  0.330266150398  -0.301783637697 -0.0226249774681 1744440078.62
 0.401835871526 -0.347856966436  -0.05664734396 1744440078.63
  0.474860603812  -0.377054505963 -0.0776886512979 1744440078.7
  0.544503192776  -0.386389533096 -0.0818135678207 1744440078.71
  0.605842797692  -0.375334267078 -0.0684141227135 1744440078.73
    0.6544668755  -0.345835653068 -0.0404045606312 1744440078.79
  0.687062704315  -0.302003856266 -0.0036287046148 1744440078.81
 0.701913977586 -0.249511041947 0.0343898953633 1744440078.83
 0.699204880922 -0.194774166835 0.0660650069687 1744440078.89
 0.681054575792 -0.144029942512 0.0853561273465 1744440078.91
 0.651249022031 -0.102436362725 0.0890004611477 1744440078.93
  0.614696366281 -0.0733440820518  0.0770974487615 1744440078.99
  0.576692356347 -0.0578645127396  0.0529333500169 1744440079.01
  0.54212723658 -0.054816982298 0.0221127865269 1744440079.03
   0.514782424543  -0.0610696443205 -0.00877943723624 1744440079.09
 0.496848345487 -0.072210853688 -0.033665521535 1744440079.11
  0.488747488716 -0.0834173602394 -0.0482717928999 1744440079.13
  0.489280486216 -0.0903413722976 -0.0509574018923 1744440079.19
   0.49604414427 -0.0898337673544 -0.0429171674882 1744440079.21
  0.506015672338 -0.0803593587787 -0.0277501686545 1744440079.23
   0.51616954521 -0.0620341697612 -0.0105263041009 1744440079.29
  0.523997865452 -0.0363056060114 0.00341623212497 1744440079.31
   0.527838784438 -0.00538031058074  0.00966797265301 1744440079.33
   0.52697046334  0.0284408487957 0.00568617570616 1744440079.39
 0.521486106911 0.0633494928131  -0.00870683812 1744440079.41
  0.512014405437  0.0983995957555 -0.0313417984482 1744440079.43
  0.499378295865   0.133587894528 -0.0582035842153 1744440079.49
   0.48428825732   0.169651699337 -0.0842876725895 1744440079.5
 0.467145981023   0.20766157322 -0.104622636199 1744440079.53
 0.447997301888   0.24853000886 -0.115248821793 1744440079.58
 0.426630045894  0.292565366451 -0.113964363987 1744440079.6
0.402773759391 0.339175571127 -0.10070537761 1744440079.63
  0.376333099526   0.386779934772 -0.0775047859338 1744440079.68
  0.347580257557   0.432935385214 -0.0480577277162 1744440079.7
 0.317244748124  0.474639209062 -0.016994700216 1744440079.73
 0.286467126393  0.508742633613 0.0109865184652 1744440079.78
 0.256619064109  0.532400175801 0.0319602807548 1744440079.8
 0.229026717586  0.543485391331 0.0434276436179 1744440079.83
 0.204659509251  0.540918455748 0.0446718990165 1744440079.88
 0.183857256023  0.524868827642 0.0367620825152 1744440079.89
 0.166163463615   0.49681291333 0.0222200096002 1744440079.93
  0.150313100402   0.459440749318 0.00442941271967 1744440079.98
   0.13439304341   0.416418153309 -0.0130881135343 1744440079.99
   0.11615798163   0.372023405926 -0.0273844441421 1744440080.03
 0.0934502559066   0.330691396587 -0.0366447583569 1744440080.08
 0.0646456862394   0.296512497461 -0.0404908978694 1744440080.09
  0.029034945091   0.272745490381 -0.0399771611914 1744440080.13
-0.0129445628645   0.261409983454 -0.0372909671491 1744440080.18
-0.0596874123247   0.263020754475 -0.0352311911365 1744440080.19
 -0.108631366086   0.276512934309 -0.0365814355651 1744440080.23
 -0.156675562424   0.299383695421 -0.0435141574464 1744440080.28
 -0.200734125851   0.328045824889 -0.0571501272309 1744440080.29
 -0.238319298104   0.358355162174 -0.0773588556044 1744440080.33
-0.268034165785  0.386242071802 -0.102828727085 1744440080.38
-0.289866128265  0.408352196862 -0.131374327241 1744440080.39
-0.305207805011  0.422589316346 -0.160397539729 1744440080.43
-0.316585868532  0.428458276898 -0.187390369446 1744440080.47
-0.327139407067   0.42713158482  -0.21036713926 1744440080.49
 -0.33994452695  0.421208112248 -0.228140132139 1744440080.53
-0.357318287006  0.414189906356 -0.240397289506 1744440080.57
-0.380243971913  0.409761819728 -0.247590351182 1744440080.59
-0.408038944923  0.411004843401 -0.250683777923 1744440080.63
-0.438340815603  0.419695495723 -0.250839559437 1744440080.67
-0.467427684852  0.435833550676 -0.249117062919 1744440080.68
-0.490825895358  0.457499193734 -0.246252657578 1744440080.73
-0.504104664212  0.481076012238 -0.242557058869 1744440080.77
-0.503718929495  0.501801369188  -0.23793666572 1744440080.78
-0.487745103197  0.514537154583  -0.23201561233 1744440080.83
-0.456363365075  0.514607993765 -0.224313448852 1744440080.87
-0.411977164835    0.4985427722 -0.214423332433 1744440080.88
-0.358923952019  0.464582366299  -0.20213953675 1744440080.93
-0.302811735091  0.412874395311 -0.187500658907 1744440080.97
-0.249596983892  0.345347818285 -0.170742492677 1744440080.98
-0.204579766019  0.265325722448  -0.15218504656 1744440081.03
 -0.17151413154  0.176976957997 -0.132102332308 1744440081.07
-0.152008035803 0.0847191179541 -0.110632706847 1744440081.08
  -0.145323300755 -0.00733006065391  -0.0877770814135 1744440081.13
 -0.148599461848 -0.0957881364729 -0.0635037973218 1744440081.17
 -0.157438420133  -0.178302109885 -0.0379402225496 1744440081.18
 -0.166720273939  -0.253702982061 -0.0115940271505 1744440081.23
-0.171487507731 -0.322038505867 0.0144759017444 1744440081.27
-0.167737794821 -0.384502633065 0.0386185600384 1744440081.31
-0.152999160918 -0.443269872305 0.0587327524142 1744440081.33
-0.126613895262 -0.501230496843 0.0725960926455 1744440081.37
-0.089716314031 -0.561618675445 0.0783272595733 1744440081.42
-0.0449421936241  -0.627537355952  0.0748771376864 1744440081.43
0.00405451630298  -0.701411327932  0.0624184965657 1744440081.47
0.0531833203507 -0.784435410559 0.0425138678888 1744440081.52
0.0985019510287 -0.876114486901 0.0179883857903 1744440081.53
   0.136721582374   -0.974001903118 -0.00749221586334 1744440081.58
  0.165570132615   -1.07372362721 -0.0300588775872 1744440081.61
  0.183975570696   -1.16932795612 -0.0463508006164 1744440081.63
  0.192057327834   -1.25393502965 -0.0541363941393 1744440081.69
  0.190940920298   -1.32059466632 -0.0526997709117 1744440081.71
 0.182437016093  -1.36321406655 -0.042908542673 1744440081.73
  0.168648272678   -1.37740213673 -0.0269584790315 1744440081.79
    0.15158086566    -1.36109735636 -0.00786788294443 1744440081.81
 0.132838005885  -1.31489264691 0.0111507914901 1744440081.83
 0.113456723485  -1.24202764892 0.0272948456645 1744440081.89
0.0939171646748  -1.14806974703 0.0386212241982 1744440081.91
 0.074311014822  -1.04033978296 0.0442607930067 1744440081.93
0.0546127204138 -0.927155645767 0.0443793170198 1744440081.99
0.0349666185776 -0.816973299138 0.0399297766987 1744440082.01
0.0158956447619 -0.717508501268 0.0322854778251 1744440082.03
-0.00164259323793   -0.634927326845   0.0228606385304 1744440082.09
-0.0163830993502  -0.573196600967  0.0128130398915 1744440082.11
-0.0270399001324  -0.533679122213 0.00288831218709 1744440082.13
 -0.0326768814863   -0.515036602748 -0.00658054975487 1744440082.19
-0.0330574014835  -0.513464413213 -0.0155482644655 1744440082.21
-0.0288651213619  -0.523231996939 -0.0240664265333 1744440082.23
-0.0217168262485  -0.537451767041 -0.0320960487506 1744440082.29
-0.0139392468802  -0.548959586214 -0.0393826142472 1744440082.31
-0.00814252602166   -0.551171448351  -0.0454277890627 1744440082.33
-0.00667723162378   -0.538788351053  -0.0495605576265 1744440082.39
-0.0110958882274  -0.508252781862 -0.0510818700261 1744440082.41
 -0.021745333934  -0.457908504054 -0.0494383474318 1744440082.43
-0.0375913416833  -0.387870072046 -0.0443761482144 1744440082.49
-0.0563275563465  -0.299658955873 -0.0360355709949 1744440082.51
-0.0747582058508  -0.195700340938 -0.0249664467181 1744440082.53
-0.0893824935336 -0.0787927418683 -0.0120674707112 1744440082.59
-0.0970620632796  0.0483408885035 0.00152776414582 1744440082.61
 -0.09563209967  0.183336012142 0.0145851060282 1744440082.63
-0.0843263155256   0.324259476837  0.0258939051179 1744440082.69
-0.063924041267  0.469478414509 0.0343636231324 1744440082.71
-0.0365851044481   0.617378810125  0.0390948562964 1744440082.73
-0.00540238815798     0.76602205097   0.0394427338922 1744440082.79
0.0262404111742  0.912840071447 0.0350955422178 1744440082.81
0.0553779751394     1.054457313 0.0261807954582 1744440082.83
0.0800952020683   1.18669598677 0.0133871778951 1744440082.89
  0.0999471232027     1.30478106806 -0.00193709358287 1744440082.91
  0.116066898135    1.40372487391 -0.0177680822223 1744440082.93
   0.13091701756    1.47884541411 -0.0315297042853 1744440082.99
  0.147707584529    1.52635840745 -0.0403885102101 1744440083.01
   0.16957796496    1.54397497336 -0.0417042796923 1744440083.03
  0.198700786438    1.53142997373 -0.0335668705718 1744440083.09
  0.235504288639    1.49085847967 -0.0153066127717 1744440083.11
 0.278205654312   1.42693497832 0.0121499117576 1744440083.13
 0.322796637246   1.34670142703 0.0461863729308 1744440083.19
 0.363528707888   1.25904489741 0.0827205389204 1744440083.21
0.393827556157  1.17384410827 0.116730026957 1744440083.23
0.407456089675   1.1008748417 0.142994964453 1744440083.29
0.399673007779   1.0486250242 0.156920979175 1744440083.31
 0.36812437824  1.02319860336 0.155283764532 1744440083.33
0.313265516423  1.02747239383 0.136748668802 1744440083.38
0.238226648197  1.06061910079 0.102063874131 1744440083.41
 0.148177406266   1.11804429571 0.0538954867528 1744440083.43
  0.0493720658966     1.19172908821 -0.00364800542535 1744440083.47
-0.051867798334   1.27093741147 -0.065686120486 1744440083.49
-0.149976788634    1.3432350566 -0.127277934984 1744440083.53
-0.240594539528   1.39576182531 -0.184025334035 1744440083.57
-0.320586820557    1.4166802972  -0.23246301709 1744440083.59
-0.387724483824   1.39668486127 -0.270199892839 1744440083.63
-0.440211085833   1.33039867683 -0.295848235409 1744440083.67
-0.476288661119   1.21743562653 -0.308828947059 1744440083.68
-0.494112427837    1.0628884333 -0.309159683382 1744440083.73
-0.491983111401   0.87704727791 -0.297315031479 1744440083.77
-0.468892961417  0.674262713548  -0.27420265771 1744440083.78
-0.425219525537  0.471026933463 -0.241242093903 1744440083.83
-0.363327367428  0.283523717914 -0.200482385906 1744440083.87
-0.287835999536  0.125045748927 -0.154667959179 1744440083.88
 -0.205385920021 0.00375739078522  -0.107168465006 1744440083.93
 -0.123865697673 -0.0787364265244  -0.061727041994 1744440083.97
-0.0512162445648  -0.127676377114 -0.0220402819151 1744440083.98
0.00593916364064  -0.154160305253 0.00875709663856 1744440084.03
0.0435174893853 -0.173006609977 0.0285891049683 1744440084.07
0.0607392856423  -0.19984228595  0.036794779665 1744440084.09
0.0602153114517 -0.247966711733 0.0342488689495 1744440084.13
0.0472970543907  -0.32560849698  0.023206340037 1744440084.17
 0.0288148511726  -0.434129867392 0.00689619221315 1744440084.21
0.0114879218062 -0.567554198854 -0.011051063446 1744440084.23
0.000385098997348   -0.713535074531  -0.0272222196481 1744440084.27
-0.00218496863183   -0.855601837365  -0.0389625510764 1744440084.31
0.00292567928847  -0.976262712153 -0.0447420988507 1744440084.33
 0.0121169572952   -1.06037129596 -0.0442967967957 1744440084.38
 0.0201615688186    -1.0981001171 -0.0385459162286 1744440084.41
 0.0217430588966   -1.08693043901 -0.0293286277058 1744440084.43
 0.0130087490078    -1.0322517074 -0.0190243097844 1744440084.48
-0.00726900198895   -0.946434754245  -0.0101236076637 1744440084.51
 -0.0372244387108   -0.846548317063 -0.00480768154209 1744440084.53
 -0.0722385030323   -0.751166374121 -0.00458120110251 1744440084.58
  -0.105989159623   -0.676904485672 -0.00999659216939 1744440084.61
 -0.131931337068  -0.635383098416 -0.0205033325659 1744440084.63
  -0.14482375491  -0.631227796172 -0.0344530944101 1744440084.68
  -0.14192248716  -0.661496288237 -0.0492840908266 1744440084.71
 -0.123562440683  -0.716616052883 -0.0618910386184 1744440084.73
-0.0930151248666  -0.782593697654 -0.0691568597077 1744440084.79
-0.0556954002824  -0.843992330159 -0.0685787223972 1744440084.81
-0.0179417031279  -0.887028276605 -0.0588726352724 1744440084.83
 0.0143226519721  -0.902144355982 -0.0404063974605 1744440084.89
 0.0367389454281  -0.885565959401 -0.0153146388236 1744440084.91
 0.047237713718 -0.839596334997 0.0127914332923 1744440084.93
0.0462220561172 -0.771695475896 0.0394991485051 1744440084.99
0.0362246840216 -0.692644754843 0.0605108164454 1744440085.01
0.0211664502919 -0.614269486168 0.0725687410731 1744440085.03
0.00541523250618  -0.547239641097  0.0741409198082 1744440085.09
-0.00713652153123   -0.499391618596   0.0656879505076 1744440085.11
 -0.01378727214 -0.474839584017 0.0494572714202 1744440085.13
-0.0134133549063  -0.473925935537  0.0288858311137 1744440085.19
-0.00649025567743   -0.493858683854  0.00779057644448 1744440085.21
0.00520784287849  -0.529751159341 -0.0104383448571 1744440085.23
 0.0191256039585  -0.575743224338 -0.0234546395417 1744440085.29
  0.032526404574  -0.625937937946 -0.0302682404826 1744440085.31
 0.0430419894633   -0.67500230641 -0.0312265763432 1744440085.33
 0.0490687156524  -0.718412591844 -0.0277175938994 1744440085.39
 0.0499538406719  -0.752434257927 -0.0217005104296 1744440085.41
  0.045967396538  -0.773987815185 -0.0151908659142 1744440085.43
  0.0381010541865   -0.780554974419 -0.00981670896558 1744440085.49
  0.0277656316531   -0.770230713696 -0.00653021857039 1744440085.51
  0.0164683736391   -0.741945052634 -0.00551382825351 1744440085.53
 0.00554019940414   -0.695790774393 -0.00627274573918 1744440085.59
-0.00404248454687   -0.633328764485 -0.00786653647079 1744440085.61
 -0.0117279692637   -0.557722668214 -0.00920853412768 1744440085.63
 -0.0173653902384   -0.473586407502 -0.00935666614716 1744440085.69
 -0.0211179271571    -0.38650201262 -0.00773169722149 1744440085.71
 -0.0233488569147   -0.302258315514 -0.00422385165886 1744440085.73
 -0.0245105411604   -0.225945442946 0.000821016223476 1744440085.79
-0.0250548123535  -0.161091722196  0.0067165668962 1744440085.81
-0.0253707975876  -0.109034698045    0.01261348442 1744440085.83
-0.0257470071709 -0.0686752743811  0.0176919730583 1744440085.89
-0.0263505175694   -0.03668424041  0.0213250904503 1744440085.91
 -0.0272170886394 -0.00813299774058   0.0231813201334 1744440085.93
-0.0282501394915  0.0225715602867  0.0232526205084 1744440085.99
-0.0292309351722  0.0606327708951  0.0218125944201 1744440086.01
-0.0298446389995    0.10989824723  0.0193241300655 1744440086.03
-0.029725723879  0.172167201784  0.016323971556 1744440086.09
-0.0285218028695   0.246894661273  0.0133122546986 1744440086.11
-0.0259687797881     0.3313319792  0.0106691841188 1744440086.13
-0.0219645917009   0.421055580737 0.00861130218639 1744440086.19
-0.0166258498802   0.510763605917 0.00718925921407 1744440086.21
-0.0103126524038   0.595176396147 0.00632013727607 1744440086.23
-0.00361173665908    0.669867650665  0.00584156531231 1744440086.29
0.00272424797627   0.731877177518 0.00557238576525 1744440086.31
0.00787515008634   0.780006164878 0.00536524510689 1744440086.33
 0.0110758874215   0.814760947764 0.00513984690118 1744440086.39
 0.0117447451495    0.83797929856 0.00489129863557 1744440086.41
0.00959700588183   0.852232841232 0.00467507112745 1744440086.43
0.00472440127417   0.860140466492 0.00457680598223 1744440086.49
-0.00237581550217    0.863743348981  0.00467924710035 1744440086.51
  -0.01083301051   0.864078645187 0.00503812448179 1744440086.53
-0.0195000490894   0.861047154034 0.00567377581982 1744440086.59
-0.0271091810275    0.85360649925 0.00657773245572 1744440086.61
 -0.032470226775   0.840247214555 0.00772687773455 1744440086.63
-0.0346826301829   0.819639517254 0.00909519351034 1744440086.69
-0.0333225260741   0.791289487563  0.0106556412911 1744440086.71
-0.0285603137136   0.756028509158  0.0123709630162 1744440086.73
-0.0211677811299   0.716187317087  0.0141789699622 1744440086.79
-0.0123904367361   0.675375174673  0.0159818737571 1744440086.81
-0.00369076960644    0.637883451057   0.0176485432258 1744440086.83
0.00359405905955   0.607837629916  0.0190338759346 1744440086.88
0.00860307130057    0.58830232535  0.0200134820752 1744440086.9
0.0112187747655  0.580572955071 0.0205275094938 1744440086.93
0.0121716627533  0.583851857258 0.0206255536266 1744440086.98
0.0129425208888  0.595412600825 0.0205034480668 1744440087
0.0154780131873  0.611229485385 0.0205201763352 1744440087.03
0.0217867283278  0.626925350234 0.0211800292948 1744440087.08
0.0335146753807  0.638804177469 0.0230663504921 1744440087.1
0.0516020795326  0.644708767818 0.0267242813989 1744440087.13
0.0760983707265  0.644483995371 0.0325110647686 1744440087.17
 0.106169130645  0.639920802991 0.0404554089268 1744440087.2
 0.140281178561  0.634179667793 0.0501787704829 1744440087.23
 0.176512630337  0.630814053083 0.0609211911507 1744440087.27
 0.212911745511  0.632607335836 0.0716833087084 1744440087.3
0.247824156108 0.640483361179 0.081456360535 1744440087.33
 0.280120680556  0.652744694026 0.0894799298426 1744440087.37
 0.309282938267   0.66483674329 0.0954551412959 1744440087.39
 0.335335999256   0.66973988516 0.0996520719522 1744440087.43
0.358650589958 0.658970156862  0.10287883292 1744440087.47
0.379666037606 0.624041256281 0.106316130172 1744440087.48
0.398603542522 0.558129974369 0.111254832939 1744440087.53
0.415243111225 0.457619325758 0.118797131316 1744440087.57
0.428824640971 0.323190486186 0.129589561377 1744440087.58
0.438105831983 0.160206547092 0.143647453609 1744440087.63
  0.441572267086 -0.0217305175615   0.160307794534 1744440087.67
 0.437756618107 -0.209993054961  0.178316994698 1744440087.68
 0.425594097165 -0.390686797524  0.196029766106 1744440087.73
 0.404728103206 -0.550616452148  0.211673355732 1744440087.77
  0.37568784903 -0.679086327701  0.223623072868 1744440087.78
 0.339887678147 -0.769220420558     0.230640854 1744440087.83
 0.299439481516 -0.818610036206  0.232044112051 1744440087.87
  0.25681465991 -0.829250802536   0.22779017747 1744440087.89
 0.214428521801 -0.806872729787  0.218475775648 1744440087.93
 0.174237922776 -0.759863177729  0.205258283042 1744440087.97
 0.137437564287 -0.698016999351  0.189707502224 1744440087.99
 0.104313690223 -0.631324311538  0.173597804768 1744440088.03
0.0742741403491 -0.568943393294  0.158654973491 1744440088.08
0.0460325237048 -0.518430272062  0.146281449839 1744440088.09
0.0178930162934 -0.485231581862  0.137295898812 1744440088.13
-0.0119315984912  -0.472408146863   0.131733363895 1744440088.18
-0.0450310814063  -0.480546511036   0.128755315395 1744440088.19
-0.0825810943605  -0.507827063358   0.126710117348 1744440088.23
-0.125215933602 -0.550237600405  0.123361920139 1744440088.28
-0.172984220457 -0.601937099405  0.116271666698 1744440088.3
-0.225366266894 -0.655777300877  0.103274344733 1744440088.33
-0.281328244011 -0.703976686574 0.0829624085017 1744440088.38
-0.339394376334 -0.738915566009 0.0550683890699 1744440088.4
 -0.39772963531 -0.753989038869 0.0206491228692 1744440088.43
 -0.454236353262  -0.744424853917 -0.0179884828513 1744440088.49
 -0.506674322626  -0.707953657055 -0.0576221582206 1744440088.5
 -0.552812843582  -0.645216673563 -0.0946479535141 1744440088.53
 -0.59061475885 -0.559815489172 -0.125700530869 1744440088.59
-0.618438973425 -0.457952055388 -0.148224598007 1744440088.6
-0.635233587001 -0.347670928822  -0.16087389504 1744440088.63
-0.640682230515 -0.237789947662 -0.163657897026 1744440088.69
-0.635266771106 -0.136673933439  -0.15781946953 1744440088.7
  -0.62022262002 -0.0510503356927  -0.145491016438 1744440088.73
 -0.59738610985  0.014928390522 -0.129224210818 1744440088.79
-0.568959941696 0.0602086576893 -0.111506963239 1744440088.8
 -0.537243592702  0.0868538911317 -0.0943681895202 1744440088.83
 -0.504383320565  0.0995607101657 -0.0791337532218 1744440088.89
 -0.472187945417   0.104771098663 -0.0663503674967 1744440088.9
 -0.442034603995   0.109549417092 -0.0558541022795 1744440088.93
 -0.414860769904   0.120425549838 -0.0469372498631 1744440088.99
 -0.391214884295   0.142394870032 -0.0385639048414 1744440089
 -0.371326272569   0.178218755079 -0.0295951519174 1744440089.02
 -0.355159061224   0.228101464334 -0.0189998266772 1744440089.09
  -0.342431815383    0.289749009673 -0.00603796659554 1744440089.11
 -0.332607159317   0.358759045295 0.00959277660201 1744440089.12
-0.324874867126  0.429256022564 0.0276609956695 1744440089.19
-0.318160854502  0.494672426517 0.0473736266618 1744440089.21
-0.311190132582  0.548578315941 0.0674337194732 1744440089.22
-0.302615507393  0.585469701428 0.0861913190787 1744440089.29
-0.291200798091  0.601436210151  0.101875966977 1744440089.31
-0.276025050178  0.594639056344  0.112876973704 1744440089.32
-0.256660224272  0.565544173973  0.118020269228 1744440089.39
-0.23327446794 0.516876215686 0.116785938775 1744440089.41
-0.206627418873   0.45328918041  0.109421418155 1744440089.42
-0.177949263595  0.380787454882 0.0969280932624 1744440089.49
-0.148724046207   0.30597161795 0.0809253119933 1744440089.51
-0.120421672115  0.235217518536 0.0634173957711 1744440089.52
-0.0942360828615   0.173914689072  0.0465028792734 1744440089.59
-0.0708869574881   0.125883198146  0.0320728869115 1744440089.61
-0.0505300845058   0.093054786976  0.0215497151583 1744440089.62
-0.0327998517778  0.0754510243424  0.0157149155652 1744440089.69
-0.0169792430558  0.0714316768018  0.0146615639045 1744440089.71
-0.00226239782753     0.07813619493   0.0178741738261 1744440089.72
0.0119519307814 0.0920123208469 0.0243997407117 1744440089.79
0.0258135335924  0.109323478293 0.0330442155684 1744440089.81
0.0388965156076  0.126549116855 0.0425296794452 1744440089.82
0.0502518730856  0.140633249072 0.0515820715919 1744440089.89
0.0586513857275   0.14908674605 0.0589689734828 1744440089.91
0.0629873456127   0.14999622116 0.0635416562408 1744440089.92
0.0627435338609  0.142021534695  0.064333956934 1744440089.99
0.0584173262714  0.124461153497 0.0607338240779 1744440090.01
0.0517628258018 0.0974243058048 0.0526932545867 1744440090.02
0.0457487672162 0.0620808758286 0.0409056978676 1744440090.09
0.0441835404661 0.0208895986979 0.0268731662721 1744440090.11
 0.0510435154834 -0.0223357907325  0.0128082952733 1744440090.12
 0.0696297621438 -0.0626502009872 0.00135806358464 1744440090.19
   0.101745717021  -0.0945480891946 -0.00481816668797 1744440090.21
    0.14710968703   -0.112830272009 -0.00354397334477 1744440090.22
  0.203177847489   -0.11360391523 0.00640433957825 1744440090.29
   0.26545992166 -0.0951789169123  0.0249612045174 1744440090.31
   0.32828393319 -0.0586163714479   0.050663204371 1744440090.32
   0.385844026036 -0.00775167287257   0.0808257199244 1744440090.39
 0.433284014649 0.0513604472834   0.11200205368 1744440090.41
0.467555980588 0.111484347357 0.140649146026 1744440090.42
0.487854010688 0.165503272353 0.163856178102 1744440090.49
0.495540275363  0.20768718177 0.179953504404 1744440090.51
0.493617886294 0.234640472235 0.188829812819 1744440090.52
0.485920181425 0.245721568629 0.191851817192 1744440090.58
0.476245526175  0.24285866845 0.191389645182 1744440090.61
0.467656021029 0.229833578815 0.190070631628 1744440090.62
0.462086318088 0.211229198163 0.189974728499 1744440090.68
0.460302366192 0.191305612985 0.192012897515 1744440090.7
 0.46214502769 0.173071497763 0.195681609047 1744440090.72
0.466922125533 0.157756013681  0.19927361975 1744440090.78
0.473792948372 0.144780643493 0.200482468217 1744440090.8
 0.48202159044 0.132207600933 0.197212423378 1744440090.82
0.491043088023 0.117530285697 0.188339157837 1744440090.87
  0.50036293704 0.0985957603254  0.174181606854 1744440090.9
 0.509370222981 0.0744244180321  0.156537031814 1744440090.92
 0.517170031573 0.0457215983161  0.138268442155 1744440090.97
 0.522527942445 0.0149520812405  0.122570938428 1744440090.99
  0.523976406237 -0.0140465349552   0.112137194067 1744440091.02
  0.520075414448 -0.0368257697263    0.10846449709 1744440091.07
  0.509765673434 -0.0492888100913   0.111493847327 1744440091.09
  0.492716321804 -0.0486320229267   0.119666865603 1744440091.12
  0.469560411858 -0.0340497058517   0.130364388265 1744440091.17
   0.441932405245 -0.00704287583365    0.140588364696 1744440091.18
  0.41226811798 0.0287349500818  0.147692678156 1744440091.22
 0.383387718758 0.0680577585117  0.149969305404 1744440091.27
0.357941127908 0.105004860129 0.146947938314 1744440091.28
0.337836686029 0.133952236258  0.13935146241 1744440091.32
0.323786586804 0.150482051566 0.128742016493 1744440091.37
0.315082213821   0.1520476805 0.116968926377 1744440091.38
0.309663758079 0.138295748138 0.105573273752 1744440091.42
 0.304483013305  0.111023551515 0.0953068495731 1744440091.47
 0.296091594117 0.0738204255545 0.0858888452191 1744440091.48
 0.281334555848 0.0314902843299 0.0760631289771 1744440091.52
 0.258003582823 -0.010627433884 0.0639477700726 1744440091.57
   0.22531055721 -0.0473286069547  0.0476020477186 1744440091.58
 0.184080108997 -0.074124162972 0.0256870524696 1744440091.62
   0.136620292173  -0.0876809604519 -0.00192754554971 1744440091.67
  0.086300097677 -0.0861084811509  -0.033752158745 1744440091.68
 0.0369250493178 -0.0690980372152 -0.0665686146979 1744440091.72
-0.00795686468586  -0.0379300986401    -0.09567400294 1744440091.77
-0.0456763887441 0.00463675818567  -0.115456388999 1744440091.78
-0.0748706729702  0.0545893035053  -0.120211689771 1744440091.82
-0.0956442262566    0.10699561188  -0.105056574942 1744440091.87
 -0.109450290547   0.156452399319 -0.0667672202017 1744440091.88
  -0.118737702483    0.197630923389 -0.00438642366882 1744440091.92
-0.126450032238  0.225886920114 0.0805087944377 1744440091.97
-0.135480783343  0.237872521401  0.183912020223 1744440091.98
-0.148179880185  0.232062307815  0.299817568845 1744440092.02
-0.165979568565   0.20909142921  0.420866785085 1744440092.07
-0.189174238669   0.17181085866  0.539075620399 1744440092.08
-0.216860543701  0.124999518896  0.646525295526 1744440092.12
-0.247028367404 0.0747339975076   0.73594840247 1744440092.17
-0.276788795761 0.0274929677604  0.801205587589 1744440092.18
 -0.302725023462 -0.0108541295894   0.837695608281 1744440092.22
 -0.321347001247 -0.0359789274618   0.842751320802 1744440092.27
 -0.329614936138 -0.0457508786543   0.816037971119 1744440092.28
-0.325471639572 -0.040474673408  0.759900064498 1744440092.32
 -0.308297474932 -0.0226576465646   0.679529100217 1744440092.37
 -0.279187043673 0.00363210806293   0.582784662165 1744440092.39
-0.240956183855 0.0336588276677    0.4795269386 1744440092.42
-0.197827904009 0.0629508145712  0.380419161102 1744440092.47
-0.154812866296 0.0880624136905  0.295313200199 1744440092.49
-0.11687878808 0.107017460885 0.231493519976 1744440092.52
-0.088070318594  0.119379532972  0.192165368502 1744440092.57
-0.0707727674049   0.125991834994   0.175584123253 1744440092.59
-0.0652945021964   0.128500967156   0.175115178778 1744440092.62
-0.069874335474  0.128807062756  0.180307533901 1744440092.67
-0.0811186338353   0.128568466607   0.178813969698 1744440092.68
-0.0947664051631   0.128847538368   0.158769113828 1744440092.72
-0.106599870676  0.129936113593  0.111110302108 1744440092.77
-0.11328640165 0.131360727368 0.031332723793 1744440092.78
 -0.112963881559   0.132044561792 -0.0796930445326 1744440092.82
-0.105456610062  0.130591334026 -0.215986961302 1744440092.87
-0.0921092011237   0.125648151948  -0.367702602591 1744440092.88
-0.0753213986751   0.116294210445  -0.523028837347 1744440092.92
-0.0579308093659   0.102390432722  -0.670309253338 1744440092.97
-0.0426084423339  0.0848175276394  -0.799928624012 1744440092.98
-0.0314038904818  0.0655341025193  -0.905610061904 1744440093.02
-0.0255164440977  0.0474077897592  -0.984931944152 1744440093.07
-0.0252967101636  0.0338109820754    -1.0390632858 1744440093.09
-0.0304226694837  0.0280231533736   -1.07188229206 1744440093.12
-0.0401610447992    0.03253391036   -1.08874877161 1744440093.17
-0.0536254112281    0.04838269524   -1.09522964619 1744440093.19
-0.0699709132145  0.0746902136584   -1.09603253321 1744440093.22
-0.0885068951494   0.108523190294   -1.09430832239 1744440093.27
-0.10874500453 0.145183136986 -1.09137295025 1744440093.3
-0.130416862419  0.178925221215  -1.08680375488 1744440093.32
-0.153487184158   0.20400965479  -1.07880892111 1744440093.37
-0.178161921576  0.215889792441  -1.06475516449 1744440093.4
-0.20486208518  0.21227738365 -1.04175819551 1744440093.42
-0.234119848128  0.193820706627  -1.00727190667 1744440093.47
-0.266365947644  0.164196118148 -0.959634762284 1744440093.5
-0.301616659514  0.129538409698 -0.898533794841 1744440093.52
-0.339122620104 0.0972914524321 -0.825330162687 1744440093.57
-0.377089175223 0.0747070139698 -0.743170277397 1744440093.6
-0.412595461688  0.067314974175  -0.65680366018 1744440093.62
 -0.44181129011 0.0777033363389  -0.57205951493 1744440093.67
-0.460536902502  0.104874521263 -0.495002269493 1744440093.71
-0.464989123722  0.144304540898 -0.430878695912 1744440093.72
-0.452660764294  0.188664126545 -0.383057636095 1744440093.76
-0.423024224841  0.229014449636 -0.352213924364 1744440093.81
-0.377860810077  0.256204989653 -0.335993528055 1744440093.82
-0.321078849481  0.262195334969 -0.329308281062 1744440093.87
-0.258016289327  0.241087057869 -0.325261525993 1744440093.91
-0.194368247573  0.189755897627 -0.316538438342 1744440093.92
-0.134992781292  0.108080075245 -0.296956105601 1744440093.98
 -0.0828937130345 -0.00116402879534   -0.262803413048 1744440094.01
-0.0386430502747  -0.132637730443  -0.213634456582 1744440094.02
-0.000396891380327    -0.278918647966     -0.15230741012 1744440094.09
 0.0354920582773  -0.431070152427 -0.0842503934777 1744440094.11
 0.0734138692105  -0.579287668849 -0.0161347572973 1744440094.12
 0.117253393397 -0.713626485365  0.045710703649 1744440094.19
  0.16926002712 -0.824805254914 0.0967453040152 1744440094.2
 0.229307446773 -0.905043728841  0.135160882548 1744440094.22
 0.294716183038 -0.948848642706  0.162095644694 1744440094.28
 0.360673569078 -0.953630088069   0.18107741678 1744440094.3
 0.421144310173 -0.920030591092  0.196854103356 1744440094.32
  0.47005554152 -0.851886796053  0.213924206823 1744440094.38
 0.502487654996 -0.755809838569  0.235153114156 1744440094.4
 0.515615457482 -0.640444231179  0.260834001582 1744440094.42
 0.509215125083 -0.515523197181  0.288434760047 1744440094.48
 0.485658785316 -0.390865246857  0.313097143971 1744440094.5
 0.449431835742 -0.275449461532  0.328768118485 1744440094.52
0.406302076361 -0.17667408198 0.329692938242 1744440094.58
  0.362326911632 -0.0998589889122   0.311918947895 1744440094.6
  0.322898679916 -0.0480105553334   0.274462476337 1744440094.62
  0.292001603917 -0.0218341010986    0.21987187374 1744440094.68
  0.271796733701 -0.0199554141524   0.154055049383 1744440094.7
  0.262577301159 -0.0392962758877  0.0853981431923 1744440094.72
  0.263061226507 -0.0755386389184  0.0233497672774 1744440094.78
  0.270924324376  -0.123609897203 -0.0232464002285 1744440094.8
  0.283438316417  -0.178130394356 -0.0477388880099 1744440094.82
  0.298068667832  -0.233784332868 -0.0468621038995 1744440094.88
  0.312909269675  -0.285602471308 -0.0213036742527 1744440094.9
 0.326878621538 -0.329171649021  0.024460853577 1744440094.92
 0.339664522349 -0.360803744405 0.0830257077368 1744440094.98
 0.351466973956 -0.377699087606  0.145427819169 1744440095
  0.36263715141 -0.378125063144  0.202758553402 1744440095.02
 0.373331901111 -0.361603272333  0.247696734352 1744440095.08
 0.383292363185 -0.329066449956  0.275670756117 1744440095.1
  0.39181426874 -0.282920713897  0.285442956473 1744440095.12
 0.397917042828 -0.226941367793  0.279035079935 1744440095.18
 0.400656090151 -0.165949421615  0.261050892636 1744440095.2
0.399476092168 -0.10526148821 0.237570300359 1744440095.22
  0.394487084311 -0.0499680045813   0.214863863953 1744440095.28
   0.386564893185 -0.00415575827388    0.198194028046 1744440095.3
 0.377227845101 0.0297702370726  0.190930040497 1744440095.32
 0.368307935502 0.0515093122277   0.19412028009 1744440095.38
 0.361497351242 0.0629177893734  0.206559886544 1744440095.39
 0.357891657113 0.0676540137675   0.22528768989 1744440095.42
 0.357656839639 0.0704702028974  0.246366495004 1744440095.48
 0.359916766282 0.0762882593683  0.265759660275 1744440095.49
 0.362899445679 0.0892473971484  0.280119471359 1744440095.52
0.364311855571 0.111916784899 0.287343559194 1744440095.58
0.361853742877 0.144826137446 0.286820981204 1744440095.59
0.353746790568 0.186393524255 0.279362141239 1744440095.62
0.339154676592 0.233242985927 0.266869953004 1744440095.68
0.318399686959 0.280826881093 0.251851817856 1744440095.69
0.292932355136 0.324216539857 0.236888021429 1744440095.72
0.265067581343 0.358908176772 0.224163392197 1744440095.77
0.237549782291 0.381507675428 0.215141449814 1744440095.79
0.213040809026 0.390198584498 0.210421998523 1744440095.82
0.193633296947 0.384949222948 0.209782638967 1744440095.87
0.180479820469 0.367463887616 0.212369397756 1744440095.89
0.173599701265 0.340919684003 0.216977269585 1744440095.92
 0.17188779236 0.309549584943 0.222351320483 1744440095.97
0.173311021688 0.278134901958 0.227443802206 1744440095.99
0.175246378502 0.251462184191 0.231580330995 1744440096.02
 0.17489402318 0.233788731332 0.234514000079 1744440096.07
0.169694070627 0.228354501833 0.236374228431 1744440096.09
0.157684613069 0.236979239403 0.237540881699 1744440096.12
0.137757678759  0.25978966646 0.238488561816 1744440096.17
0.109792890621 0.295125616498 0.239648074331 1744440096.18
0.0746691689439  0.339667573117  0.241322041957 1744440096.22
0.0341683039987  0.388805389294  0.243672476073 1744440096.27
-0.00921071284674    0.437228974269    0.246775049679 1744440096.28
-0.0525088081302   0.479673543642   0.250713888604 1744440096.32
-0.0926201332935   0.511707323481   0.255677321158 1744440096.37
-0.126645261466  0.530422789905  0.262012677197 1744440096.38
-0.15226055523 0.534894686327 0.270207665292 1744440096.42
-0.168067141357   0.52630263801  0.280784999914 1744440096.47
-0.173869366185  0.507677298162  0.294121384179 1744440096.48
-0.170825151388  0.483303083448  0.310225870853 1744440096.52
-0.161415818144  0.457880760562  0.328529995546 1744440096.57
-0.149204454837  0.435603999367  0.347747945289 1744440096.58
-0.138388928923  0.419325238681  0.365856812534 1744440096.62
-0.133201783894   0.40997418311  0.380225416463 1744440096.66
-0.137253079562  0.406349514204  0.387889380621 1744440096.68
-0.152939860027  0.405338266816  0.385936817748 1744440096.72
-0.181045549236  0.402538414125  0.371940836543 1744440096.76
-0.22061935889 0.393181342891 0.344359226313 1744440096.78
-0.269165179991   0.37318597076  0.302822752264 1744440096.82
-0.323096778853  0.340138474525   0.24825229837 1744440096.86
-0.378352319617  0.293990976707   0.18277791484 1744440096.88
-0.431025579702  0.237313077061  0.109472138345 1744440096.92
-0.477874444998  0.175007766417 0.0319464661796 1744440096.96
 -0.516607865071   0.113505753061 -0.0461147449576 1744440096.98
-0.545917824459 0.0595610623388 -0.121399450676 1744440097.02
 -0.56529423174 0.0188645873486 -0.191316308708 1744440097.06
 -0.574718695813 -0.0052493896555  -0.254192007758 1744440097.08
 -0.574362730663 -0.0127217934032  -0.309293704294 1744440097.12
  -0.564408621812 -0.00708305731341    -0.35668643553 1744440097.16
 -0.545067369514 0.00495785419282  -0.396966794005 1744440097.19
-0.516798082198 0.0146234158755  -0.43093789088 1744440097.22
 -0.48065629781 0.0126940592095 -0.459301656175 1744440097.26
  -0.438639154664 -0.00865880437872   -0.482439107159 1744440097.3
 -0.393874652718 -0.0542074568962   -0.50032675001 1744440097.32
-0.350531112748 -0.124524575727 -0.512602024352 1744440097.37
 -0.31339595728 -0.215614034297 -0.518752022176 1744440097.4
-0.287169305084 -0.319407074693 -0.518369578522 1744440097.42
-0.275608155137 -0.425034117947 -0.511408927874 1744440097.47
-0.280713173617 -0.520622807855 -0.498381977511 1744440097.5
-0.302155103116 -0.595269195588 -0.480459522979 1744440097.52
-0.337090276592 -0.640802163862 -0.459467303163 1744440097.57
-0.380428663589 -0.653014920322 -0.437783336344 1744440097.6
-0.425517235293 -0.632157741502 -0.418146419893 1744440097.62
-0.465112232814 -0.582644672408 -0.403381898996 1744440097.68
-0.492457035848 -0.512086948398 -0.396052565652 1744440097.7
-0.502268733478 -0.429891359968 -0.398061121404 1744440097.72
-0.491465565026 -0.345726006006 -0.410266117242 1744440097.78
-0.459528240425 -0.268148523854 -0.432209899657 1744440097.8
-0.408463696083 -0.203621017685 -0.462068753285 1744440097.82
-0.342412240108 -0.156024865178 -0.496900425482 1744440097.88
 -0.26699420314 -0.126668622304 -0.533180838456 1744440097.9
-0.188522115867 -0.114683455135 -0.567514851864 1744440097.92
-0.113207350059 -0.117643803764  -0.59731922426 1744440097.98
-0.0464697662481  -0.132243348863  -0.621253488754 1744440098
0.00757701986658  -0.154890623492  -0.639239099727 1744440098.02
0.0464334297347 -0.182147083829  -0.65204601924 1744440098.08
0.0693197694098 -0.210991290772 -0.660590808841 1744440098.1
0.0771087246703 -0.238937380324 -0.665215631705 1744440098.12
0.0721212242803 -0.264054596466 -0.665248210126 1744440098.18
0.0578182718053 -0.284929117295 -0.659058922455 1744440098.2
0.0384127887082 -0.300590679451 -0.644657570914 1744440098.22
0.0184213753477 -0.310408910836  -0.62066832891 1744440098.28
0.00218179104101  -0.313958843785  -0.587358634428 1744440098.3
-0.00662276450483   -0.310864972315   -0.547335196455 1744440098.32
-0.00537387806717   -0.300652892834   -0.505584796905 1744440098.38
0.00720537126949   -0.28265550875  -0.468715882128 1744440098.4
0.0309669661047 -0.256024528386 -0.443499174853 1744440098.42
 0.064478115931 -0.219879690875  -0.43503974844 1744440098.48
 0.105369754394 -0.173588789444 -0.445066404384 1744440098.5
 0.150828353537 -0.117122150061 -0.470845301381 1744440098.52
  0.198127513083 -0.0513839376529   -0.50509980733 1744440098.58
 0.245081568639 0.0215919294415 -0.537076433003 1744440098.6
 0.290319934649 0.0986706166696 -0.554600906293 1744440098.62
 0.333325511682  0.175901952901 -0.546698338374 1744440098.68
 0.374242301464  0.249019984609 -0.506179924874 1744440098.7
 0.413519823774  0.314047361104 -0.431572765468 1744440098.71
 0.451507120728  0.367862288485 -0.327898771671 1744440098.78
  0.48812285021  0.408599747822 -0.206063648206 1744440098.79
  0.522704347395   0.435815569116 -0.0809365180317 1744440098.81
0.554082864945 0.450419623933 0.031492437922 1744440098.88
0.580860383933  0.45445105896  0.11726956297 1744440098.89
0.601797533375 0.450796889527 0.167265079471 1744440098.91
0.616183558432 0.442935644562 0.178985185784 1744440098.97
  0.6240611707 0.434732488562 0.157022390375 1744440098.99
 0.62622194217 0.430249903361 0.112060111378 1744440099.01
 0.623958872247   0.43350018559 0.0586619382703 1744440099.07
 0.618639867919  0.448073329934 0.0123305805131 1744440099.09
   0.61122503698   0.476626869462 -0.0135377619036 1744440099.11
  0.601873427494    0.52030268301 -0.0101767948233 1744440099.17
 0.589764050766  0.578206795281 0.0250433240941 1744440099.19
0.573197953253 0.647120166382 0.088390187749 1744440099.21
0.549970047954 0.721584241418 0.170812499911 1744440099.27
0.517924008181 0.794428406243 0.259981061016 1744440099.28
0.475551737221 0.857699664641 0.342865453742 1744440099.32
0.422484229112 0.903849276905 0.408300313259 1744440099.36
0.359746018609 0.926956724255 0.449029207152 1744440099.38
0.289703526689 0.923748271409 0.462852564353 1744440099.42
0.215713180158 0.894201592621 0.452712915209 1744440099.46
0.141548854827 0.841610962681 0.425777394007 1744440099.47
0.0707410893197  0.772099188844  0.391774331421 1744440099.52
0.00597904181089   0.693675877322    0.36096831321 1744440099.56
-0.0512941678274   0.615029907092   0.342195362161 1744440099.57
-0.101015039948  0.544287178616  0.341327868562 1744440099.62
-0.144354583889  0.487954942523  0.360417957668 1744440099.66
-0.183353740255  0.450217076106  0.397611047545 1744440099.67
-0.220443259446  0.432657544065  0.447764818981 1744440099.72
-0.257963115179  0.434394772716  0.503584084382 1744440099.76
-0.297773911413  0.452530226748  0.557009479283 1744440099.77
-0.341007068333  0.482766947176  0.600584381525 1744440099.82
-0.387949673037  0.520046192476  0.628564277495 1744440099.86
-0.43802255251 0.559080741148 0.637610920728 1744440099.87
-0.489799667619  0.594721062457  0.627010057458 1744440099.92
-0.541036278411  0.622158425034  0.598445559401 1744440099.95
-0.588713519253  0.637027862653  0.555436912701 1744440099.97
-0.629149749278  0.635506894501  0.502589506558 1744440100.02
-0.658252918602  0.614502720142  0.444814064235 1744440100.05
-0.671976705782  0.571980516387  0.386646808741 1744440100.07
-0.666991751726  0.507418227211  0.331755967031 1744440100.12
-0.641502763983  0.422297714128  0.282666923814 1744440100.15
-0.59605705907  0.32048209242 0.240691461471 1744440100.17
-0.534131305573  0.208306782317   0.20601601333 1744440100.22
-0.462278117281 0.0942409455429  0.177893489407 1744440100.25
 -0.389676064734 -0.0119436128316   0.154890151512 1744440100.27
-0.327048657516 -0.100442782384  0.135155393476 1744440100.32
-0.285072536708 -0.162952058118  0.116698494617 1744440100.36
-0.272541439872 -0.194182857662  0.097664522231 1744440100.37
-0.294647481839 -0.193041222504 0.0765979820787 1744440100.42
 -0.35175340045 -0.163174981324 0.0526695452364 1744440100.46
-0.438949099536 -0.112697803128 0.0258253543933 1744440100.5
  -0.546529601841  -0.0530579416342 -0.00318975453379 1744440100.52
 -0.661338002763 0.00279702006802 -0.0329745680942 1744440100.56
 -0.768735679761  0.0426423445251 -0.0617874001743 1744440100.6
 -0.854838005805   0.057161340101 -0.0879941208883 1744440100.62
-0.908613760815 0.0416515844503   -0.1105537283 1744440100.66
  -0.923491158741 -0.00310982030506    -0.12941204395 1744440100.7
  -0.89822124876 -0.0710402847936  -0.145678146488 1744440100.72
-0.836888248214 -0.151951164908 -0.161508872469 1744440100.76
-0.748096761284 -0.233545016776 -0.179711460019 1744440100.8
-0.643488327624 -0.303815787278 -0.203162872638 1744440100.82
-0.535833606076 -0.353373449971 -0.234202215207 1744440100.86
-0.437004809338 -0.377232861817 -0.274158344476 1744440100.9
-0.356149490842 -0.375721539229 -0.323128595982 1744440100.92
-0.298356905243 -0.354345627761 -0.380045865605 1744440100.96
-0.264032623343 -0.322665707188 -0.442987729778 1744440101
-0.249084338437  -0.29242791195 -0.509617821138 1744440101.02
-0.245887780201 -0.275331382764  -0.57762222997 1744440101.08
-0.244867360427 -0.280865661876 -0.645017298112 1744440101.1
-0.236414624301 -0.314615878806 -0.710254258826 1744440101.12
-0.212800442837 -0.377322479131 -0.772115991292 1744440101.19
-0.169730404734 -0.464822923918 -0.829470694817 1744440101.2
-0.107253081087 -0.568830053214 -0.880994713886 1744440101.22
-0.0298495709422  -0.678351206537  -0.924986446551 1744440101.29
0.0543129330304 -0.781452987609 -0.959361796699 1744440101.3
 0.134823760663 -0.867045259315   -0.9818597795 1744440101.32
 0.200901520461 -0.926393926702 -0.990416567386 1744440101.38
 0.243359908465 -0.954157938343 -0.983612522348 1744440101.4
 0.256323034326 -0.948854302263 -0.961077325748 1744440101.42
 0.238399498612 -0.912758751593 -0.923755331206 1744440101.48
 0.193120944347 -0.851330648676 -0.873972754129 1744440101.5
 0.128571335642 -0.772301091081 -0.815289555046 1744440101.52
0.0562587124752 -0.684583004155 -0.752148564596 1744440101.58
-0.0106042725023  -0.597155740813  -0.689354796963 1744440101.6
-0.0591534924446  -0.518052130373  -0.631441394203 1744440101.62
-0.0789444483829  -0.453543301421  -0.582012441258 1744440101.68
-0.0637083952948  -0.407585675434  -0.543187192434 1744440101.7
-0.0124900888536  -0.381569772307  -0.515281447358 1744440101.72
0.0700573771881 -0.374388551289 -0.496829503864 1744440101.78
 0.174320012914 -0.382815405011 -0.484974298283 1744440101.8
 0.287252744757 -0.402142104431 -0.476157687603 1744440101.81
 0.394562493247 -0.426977862251 -0.466961775497 1744440101.88
  0.48317141877 -0.452066916238 -0.454912592871 1744440101.9
 0.543506812058 -0.472964570369 -0.439067747866 1744440101.91
 0.571175957934 -0.486436564285 -0.420261106931 1744440101.98
 0.567694965724 -0.490514843858 -0.400952503439 1744440101.99
  0.54012885938 -0.484236562681 -0.384710133538 1744440102.01
 0.499722170002 -0.467181967985 -0.375421735125 1744440102.07
 0.459801490978 -0.438979733797 -0.376376209784 1744440102.09
 0.433367159277 -0.398946833797 -0.389374293992 1744440102.11
 0.430832628497 -0.345975958005 -0.414016982969 1744440102.17
 0.458313808327 -0.278697674602 -0.447292157787 1744440102.19
 0.516736080747 -0.195858025105 -0.483543852759 1744440102.21
  0.601849469263 -0.0967935996045  -0.514871073905 1744440102.27
 0.705064830033 0.0181290192596 -0.531962273777 1744440102.29
0.814884540382 0.147216218707  -0.5253200733 1744440102.31
 0.918625701356  0.287348631744 -0.486763001387 1744440102.37
  1.00412967467  0.434084533817 -0.411011317984 1744440102.39
  1.06120764244  0.581934422485 -0.297090719113 1744440102.41
  1.08266345544  0.724764108544 -0.149249822718 1744440102.47
 1.06483377615 0.856286894872 0.022885974645 1744440102.49
 1.00766787055 0.970609168095 0.205094780376 1744440102.51
0.914422742115  1.06278745468 0.380265461902 1744440102.57
0.791072916193  1.12933888193 0.530813515349 1744440102.58
0.645535959952  1.16863117161 0.641398746995 1744440102.61
0.486805954807  1.18107598609 0.701429650712 1744440102.66
0.324076954234  1.16906887286 0.706849443419 1744440102.68
0.165930964998  1.13665910246 0.660832020925 1744440102.71
0.0196582944958   1.08898397332   0.57324117865 1744440102.76
-0.109232936104   1.03155155756   0.45896543976 1744440102.77
-0.217280695879  0.969491253426  0.335468124751 1744440102.81
-0.303096094494  0.906904384643  0.220034667494 1744440102.86
-0.367172916784  0.846433389804  0.127229875091 1744440102.87
-0.411524086096  0.789128677918 0.0670002857965 1744440102.91
-0.439205391983  0.734633232325 0.0436989377811 1744440102.96
  -0.4537929783  0.681638219748 0.0561132431298 1744440102.97
-0.458880078065  0.628503627848 0.0983848593117 1744440103.01
-0.457652988051  0.573901765813  0.161559993009 1744440103.06
-0.452596742968  0.517339087074  0.235423274964 1744440103.07
-0.445365543088  0.459445231165  0.310257037388 1744440103.11
-0.436829811008  0.401978888678  0.378224805397 1744440103.15
-0.427281625751  0.347570753673  0.434185381053 1744440103.17
-0.416748170819    0.2992837592  0.475876427546 1744440103.21
-0.405336925109  0.260103276359  0.503535521148 1744440103.25
-0.393525218304  0.232468383484  0.519126628978 1744440103.27
-0.382316161881  0.217925180046  0.525393439082 1744440103.31
-0.37321320098 0.216938982104 0.524962211486 1744440103.35
-0.36801076513 0.228861175636 0.519672316728 1744440103.37
-0.368447721709  0.252021192033  0.510238047656 1744440103.41
-0.375810189786  0.283908282257  0.496260390299 1744440103.45
-0.390588899822   0.32141602798  0.476530988588 1744440103.47
 -0.4122871129 0.361133836472 0.449516731718 1744440103.51
-0.439439272669  0.399673452411  0.413890086827 1744440103.55
-0.469847015965  0.434009965469  0.368978554076 1744440103.57
-0.500982252736  0.461799058172   0.31504107201 1744440103.61
-0.530462181151  0.481614896477  0.253329255049 1744440103.65
-0.556480389134  0.493047811577  0.185943572619 1744440103.67
-0.578087166712  0.496616381089  0.115536310846 1744440103.71
-0.595248799309  0.493485864192 0.0449362490624 1744440103.75
 -0.608671145307     0.4850359419 -0.0232270609582 1744440103.76
-0.619433806001  0.472369554286 -0.086834335112 1744440103.81
-0.628532519854  0.455883579346 -0.144479338861 1744440103.85
-0.636455322277   0.43501866665 -0.195543712464 1744440103.89
-0.642913335253   0.40826761921 -0.240146621644 1744440103.91
-0.646808104273  0.373458424493 -0.278991397659 1744440103.95
-0.646451990328  0.328256461106 -0.313146355649 1744440104
-0.639983251169  0.270770318318 -0.343805675415 1744440104.01
-0.625855582536  0.200114108475 -0.372076264576 1744440104.05
-0.603254263084  0.116785962511 -0.398826813577 1744440104.1
-0.572310021528 0.0227671065822 -0.424617498508 1744440104.11
 -0.534045127729 -0.0786830831516  -0.449707679244 1744440104.15
